# relative_time, cycles_done, cur_item, corpus_count, pending_total, pending_favs, map_size, saved_crashes, saved_hangs, max_depth, execs_per_sec, total_execs, edges_found
60, 0, 0, 277, 277, 1, 0.04%, 0, 0, 2, 396.72, 22500, 3320
66, 0, 0, 281, 281, 1, 0.04%, 0, 0, 2, 399.60, 24586, 3322
71, 0, 0, 285, 285, 1, 0.04%, 0, 0, 2, 401.94, 26625, 3322
76, 0, 0, 289, 289, 1, 0.04%, 0, 0, 2, 397.11, 28639, 3328
81, 0, 0, 291, 291, 1, 0.04%, 0, 0, 2, 400.44, 30643, 3331
86, 0, 0, 294, 294, 1, 0.04%, 0, 0, 2, 401.69, 32680, 3331
91, 0, 0, 297, 297, 1, 0.04%, 0, 0, 2, 405.48, 34741, 3332
96, 0, 0, 307, 307, 1, 0.04%, 0, 0, 2, 394.80, 36713, 3337
101, 0, 0, 312, 312, 1, 0.04%, 0, 0, 2, 399.89, 38806, 3339
106, 0, 242, 316, 315, 79, 0.04%, 0, 0, 3, 386.32, 40792, 3341
111, 0, 242, 324, 323, 79, 0.04%, 0, 0, 3, 400.44, 42832, 3343
116, 0, 242, 326, 325, 79, 0.04%, 0, 0, 3, 409.07, 44894, 3343
121, 0, 242, 329, 328, 79, 0.04%, 0, 0, 3, 413.84, 46987, 3346
126, 0, 242, 337, 336, 79, 0.04%, 0, 0, 3, 410.80, 49035, 3353
131, 0, 242, 341, 340, 79, 0.04%, 0, 0, 3, 407.56, 51111, 3355
137, 0, 242, 341, 340, 79, 0.04%, 0, 0, 3, 414.72, 53215, 3355
142, 0, 242, 341, 340, 79, 0.04%, 0, 0, 3, 415.19, 55319, 3355
147, 0, 242, 341, 340, 79, 0.04%, 0, 0, 3, 419.13, 57431, 3355
152, 0, 242, 342, 341, 79, 0.04%, 0, 0, 3, 411.70, 59510, 3355
157, 0, 242, 346, 345, 79, 0.04%, 0, 0, 3, 414.02, 61610, 3356
162, 0, 242, 347, 346, 79, 0.04%, 0, 0, 3, 404.44, 63665, 3356
167, 0, 242, 349, 348, 79, 0.04%, 0, 0, 3, 409.74, 65743, 3356
172, 0, 242, 353, 352, 79, 0.04%, 0, 0, 3, 409.56, 67819, 3356
177, 0, 242, 357, 356, 79, 0.04%, 0, 0, 3, 410.04, 69903, 3357
182, 0, 242, 360, 359, 79, 0.04%, 0, 0, 3, 415.32, 71980, 3360
187, 0, 242, 362, 361, 79, 0.04%, 0, 0, 3, 410.69, 74074, 3360
192, 0, 87, 363, 359, 87, 0.04%, 0, 0, 4, 393.44, 76014, 3362
197, 0, 87, 372, 368, 87, 0.04%, 0, 0, 4, 406.04, 78054, 3362
202, 0, 87, 374, 370, 87, 0.04%, 0, 0, 4, 412.70, 80140, 3363
207, 0, 362, 377, 371, 85, 0.04%, 0, 0, 5, 393.08, 82099, 3363
212, 0, 362, 381, 375, 85, 0.04%, 0, 0, 5, 412.13, 84243, 3363
217, 0, 362, 382, 376, 85, 0.04%, 0, 0, 5, 418.56, 86346, 3363
222, 0, 362, 382, 376, 85, 0.04%, 0, 0, 5, 401.19, 88386, 3363
227, 0, 362, 382, 376, 85, 0.04%, 0, 0, 5, 414.02, 90490, 3363
232, 0, 362, 382, 376, 85, 0.04%, 0, 0, 5, 415.82, 92602, 3363
238, 0, 362, 382, 376, 85, 0.04%, 0, 0, 5, 420.57, 94794, 3363
243, 0, 362, 382, 376, 85, 0.04%, 0, 0, 5, 416.11, 96890, 3363
248, 0, 362, 383, 377, 85, 0.04%, 0, 0, 5, 418.62, 99001, 3363
253, 0, 362, 383, 377, 85, 0.04%, 0, 0, 5, 406.97, 101033, 3363
258, 0, 362, 383, 377, 85, 0.04%, 0, 0, 5, 389.17, 103029, 3363
263, 0, 362, 383, 377, 85, 0.04%, 0, 0, 5, 373.18, 104940, 3363
268, 0, 362, 383, 377, 85, 0.04%, 0, 0, 5, 360.92, 106823, 3363
273, 0, 362, 383, 377, 85, 0.04%, 0, 0, 5, 329.08, 108393, 3363
279, 0, 362, 383, 377, 85, 0.04%, 0, 0, 5, 352.48, 110253, 3363
284, 0, 362, 383, 377, 85, 0.04%, 0, 0, 5, 336.56, 111927, 3363
289, 0, 362, 383, 377, 85, 0.04%, 0, 0, 5, 387.16, 113991, 3363
294, 0, 343, 386, 379, 85, 0.04%, 0, 0, 5, 356.99, 115709, 3363
299, 0, 343, 388, 381, 85, 0.04%, 0, 0, 5, 396.14, 117802, 3363
304, 0, 343, 390, 383, 85, 0.04%, 0, 0, 5, 395.92, 119846, 3364
309, 0, 343, 394, 387, 85, 0.04%, 0, 0, 5, 403.10, 121964, 3367
314, 0, 343, 394, 387, 85, 0.04%, 0, 0, 5, 396.53, 124011, 3367
319, 0, 343, 395, 388, 85, 0.04%, 0, 0, 5, 397.80, 125992, 3367
325, 0, 343, 395, 388, 85, 0.04%, 0, 0, 5, 411.00, 128091, 3367
330, 0, 343, 396, 389, 85, 0.04%, 0, 0, 5, 412.63, 130178, 3367
335, 0, 343, 396, 389, 85, 0.04%, 0, 0, 5, 418.45, 132274, 3367
340, 0, 343, 396, 389, 85, 0.04%, 0, 0, 5, 416.99, 134386, 3367
345, 0, 343, 397, 390, 85, 0.04%, 0, 0, 5, 413.94, 136465, 3367
350, 0, 343, 399, 392, 85, 0.04%, 0, 0, 5, 421.73, 138655, 3367
355, 0, 343, 399, 392, 85, 0.04%, 0, 0, 5, 418.86, 140767, 3367
360, 0, 343, 401, 394, 85, 0.04%, 0, 0, 5, 420.05, 142885, 3367
365, 0, 343, 404, 397, 85, 0.04%, 0, 0, 5, 420.77, 145058, 3367
370, 0, 343, 404, 397, 85, 0.04%, 0, 0, 5, 425.17, 147258, 3367
375, 0, 380, 406, 397, 86, 0.04%, 0, 0, 5, 403.85, 149274, 3367
381, 0, 387, 408, 397, 84, 0.04%, 0, 0, 6, 411.16, 151427, 3367
386, 0, 387, 411, 400, 84, 0.04%, 0, 0, 6, 419.89, 153608, 3367
391, 0, 350, 412, 399, 84, 0.04%, 0, 0, 6, 407.33, 155651, 3368
396, 0, 132, 412, 396, 81, 0.04%, 0, 0, 6, 405.39, 157688, 3368
401, 0, 155, 413, 396, 80, 0.04%, 0, 0, 6, 383.19, 159629, 3368
406, 0, 122, 415, 396, 78, 0.04%, 0, 0, 6, 407.24, 161770, 3368
411, 0, 210, 417, 397, 77, 0.04%, 0, 0, 6, 399.50, 163758, 3368
416, 0, 303, 419, 398, 76, 0.04%, 0, 0, 6, 404.92, 165799, 3368
421, 0, 415, 421, 398, 74, 0.04%, 0, 0, 6, 402.25, 167834, 3369
426, 0, 409, 424, 400, 73, 0.04%, 0, 0, 6, 404.74, 169953, 3369
431, 0, 311, 425, 399, 71, 0.04%, 0, 0, 6, 397.39, 171948, 3369
436, 0, 161, 430, 403, 71, 0.04%, 0, 0, 6, 403.83, 174002, 3369
441, 0, 144, 432, 403, 69, 0.04%, 0, 0, 6, 404.35, 176043, 3369
447, 0, 400, 435, 405, 68, 0.04%, 0, 0, 6, 411.51, 178186, 3369
452, 0, 400, 436, 406, 68, 0.04%, 0, 0, 6, 421.37, 180377, 3369
457, 0, 400, 437, 407, 68, 0.04%, 0, 0, 6, 423.59, 182576, 3369
462, 0, 400, 437, 407, 68, 0.04%, 0, 0, 6, 418.49, 184744, 3369
467, 0, 400, 438, 408, 68, 0.04%, 0, 0, 6, 418.43, 186847, 3369
472, 0, 400, 439, 409, 68, 0.04%, 0, 0, 6, 421.89, 189038, 3369
477, 0, 400, 439, 409, 68, 0.04%, 0, 0, 6, 428.01, 191238, 3369
483, 0, 400, 439, 409, 68, 0.04%, 0, 0, 6, 404.70, 193350, 3369
488, 0, 400, 439, 409, 68, 0.04%, 0, 0, 6, 410.32, 195470, 3369
493, 0, 400, 439, 409, 68, 0.04%, 0, 0, 6, 414.76, 197558, 3369
498, 0, 400, 439, 409, 68, 0.04%, 0, 0, 6, 422.13, 199750, 3369
503, 0, 400, 440, 410, 68, 0.04%, 0, 0, 6, 404.11, 201781, 3369
508, 0, 400, 440, 410, 68, 0.04%, 0, 0, 6, 410.88, 203893, 3369
513, 0, 400, 440, 410, 68, 0.04%, 0, 0, 6, 416.65, 205989, 3369
518, 0, 400, 440, 410, 68, 0.04%, 0, 0, 6, 404.12, 208045, 3369
523, 0, 400, 440, 410, 68, 0.04%, 0, 0, 6, 383.88, 209940, 3369
528, 0, 435, 440, 409, 67, 0.04%, 0, 0, 6, 390.99, 211888, 3369
533, 0, 373, 441, 408, 64, 0.04%, 0, 0, 6, 394.90, 213866, 3369
538, 0, 438, 441, 406, 62, 0.04%, 0, 0, 6, 384.37, 215827, 3369
544, 0, 145, 441, 405, 61, 0.04%, 0, 0, 6, 398.97, 217898, 3369
549, 0, 169, 442, 403, 58, 0.04%, 0, 0, 6, 396.31, 219863, 3369
554, 0, 297, 442, 401, 56, 0.04%, 0, 0, 6, 391.70, 221841, 3369
559, 0, 203, 442, 400, 55, 0.04%, 0, 0, 6, 373.45, 223743, 3369
564, 0, 425, 442, 398, 53, 0.04%, 0, 0, 6, 391.87, 225780, 3369
569, 0, 247, 443, 396, 51, 0.04%, 0, 0, 6, 401.11, 227792, 3370
574, 0, 442, 445, 397, 50, 0.04%, 0, 0, 6, 401.02, 229843, 3370
579, 0, 172, 447, 397, 48, 0.04%, 0, 0, 6, 391.52, 231827, 3370
584, 0, 406, 453, 402, 47, 0.04%, 0, 0, 7, 398.97, 233881, 3370
589, 0, 406, 454, 403, 47, 0.04%, 0, 0, 7, 413.92, 235961, 3370
595, 0, 406, 454, 403, 47, 0.04%, 0, 0, 7, 399.83, 237969, 3370
600, 0, 406, 455, 404, 47, 0.04%, 0, 0, 7, 403.02, 240048, 3370
605, 0, 406, 456, 405, 47, 0.04%, 0, 0, 7, 410.61, 242127, 3370
610, 0, 406, 457, 406, 47, 0.04%, 0, 0, 7, 415.23, 244230, 3370
615, 0, 406, 457, 406, 47, 0.04%, 0, 0, 7, 393.26, 246229, 3370
620, 0, 406, 457, 406, 47, 0.04%, 0, 0, 7, 407.78, 248294, 3370
625, 0, 406, 457, 406, 47, 0.04%, 0, 0, 7, 413.01, 250382, 3370
630, 0, 406, 457, 406, 47, 0.04%, 0, 0, 7, 400.93, 252422, 3370
635, 0, 406, 457, 406, 47, 0.04%, 0, 0, 7, 383.80, 254426, 3370
640, 0, 406, 458, 407, 47, 0.04%, 0, 0, 7, 357.71, 256197, 3370
645, 0, 406, 458, 407, 47, 0.04%, 0, 0, 7, 376.80, 258108, 3370
650, 0, 406, 458, 407, 47, 0.04%, 0, 0, 7, 336.24, 259775, 3370
656, 0, 406, 459, 408, 47, 0.04%, 0, 0, 7, 300.04, 261258, 3370
661, 0, 406, 460, 409, 47, 0.04%, 0, 0, 7, 329.93, 262909, 3370
666, 0, 406, 460, 409, 47, 0.04%, 0, 0, 7, 306.92, 264397, 3370
671, 0, 406, 460, 409, 47, 0.04%, 0, 0, 7, 336.97, 266087, 3370
676, 0, 290, 460, 408, 47, 0.04%, 0, 0, 7, 329.19, 267642, 3370
681, 0, 362, 460, 406, 45, 0.04%, 0, 0, 7, 382.67, 269697, 3370
686, 0, 174, 460, 405, 44, 0.04%, 0, 0, 7, 387.99, 271726, 3370
691, 0, 402, 460, 404, 43, 0.04%, 0, 0, 7, 401.27, 273739, 3370
696, 0, 451, 460, 403, 42, 0.04%, 0, 0, 7, 404.45, 275757, 3370
701, 0, 305, 461, 402, 40, 0.04%, 0, 0, 7, 382.52, 277700, 3370
706, 0, 366, 465, 405, 40, 0.04%, 0, 0, 7, 392.43, 279747, 3371
712, 0, 411, 466, 404, 41, 0.04%, 0, 0, 7, 394.42, 281774, 3371
717, 0, 414, 467, 403, 39, 0.04%, 0, 0, 7, 402.46, 283813, 3371
722, 0, 439, 469, 404, 38, 0.04%, 0, 0, 7, 402.43, 285798, 3371
727, 0, 439, 469, 404, 38, 0.04%, 0, 0, 7, 392.49, 287781, 3371
732, 0, 336, 469, 402, 36, 0.04%, 0, 0, 7, 385.18, 289704, 3371
737, 0, 304, 469, 400, 34, 0.04%, 0, 0, 7, 385.22, 291718, 3371
742, 0, 357, 469, 398, 32, 0.04%, 0, 0, 7, 388.17, 293732, 3371
747, 0, 362, 469, 396, 30, 0.04%, 0, 0, 7, 370.93, 295569, 3371
752, 0, 334, 473, 399, 29, 0.04%, 0, 0, 7, 384.04, 297591, 3372
757, 0, 464, 473, 398, 29, 0.04%, 0, 0, 7, 356.25, 299337, 3372
762, 0, 142, 473, 396, 27, 0.04%, 0, 0, 7, 344.32, 301058, 3372
768, 0, 392, 473, 395, 26, 0.04%, 0, 0, 7, 376.91, 303033, 3372
773, 0, 111, 473, 393, 24, 0.04%, 0, 0, 7, 374.54, 304896, 3372
778, 0, 362, 474, 392, 22, 0.04%, 0, 0, 7, 394.70, 306895, 3372
783, 0, 266, 475, 392, 21, 0.04%, 0, 0, 7, 391.43, 308889, 3372
788, 0, 403, 477, 392, 19, 0.04%, 0, 0, 7, 389.66, 310851, 3372
793, 0, 476, 477, 391, 19, 0.04%, 0, 0, 7, 397.67, 312880, 3372
798, 0, 280, 477, 390, 18, 0.04%, 0, 0, 7, 400.97, 314897, 3372
803, 0, 216, 478, 389, 16, 0.04%, 0, 0, 7, 384.13, 316874, 3372
808, 0, 395, 481, 391, 15, 0.04%, 0, 0, 7, 395.46, 318927, 3372
813, 0, 395, 481, 391, 15, 0.04%, 0, 0, 7, 405.69, 320972, 3372
818, 0, 179, 483, 392, 16, 0.04%, 0, 0, 7, 391.78, 322971, 3373
823, 0, 438, 483, 391, 15, 0.04%, 0, 0, 7, 379.07, 324898, 3373
829, 0, 362, 483, 391, 15, 0.04%, 0, 0, 7, 402.18, 327017, 3373
834, 0, 280, 483, 390, 14, 0.04%, 0, 0, 7, 404.13, 329044, 3373
839, 0, 280, 483, 390, 14, 0.04%, 0, 0, 7, 401.35, 331069, 3373
844, 0, 362, 483, 389, 13, 0.04%, 0, 0, 7, 399.36, 333100, 3373
849, 0, 432, 483, 388, 13, 0.04%, 0, 0, 7, 400.44, 335162, 3373
854, 0, 162, 483, 386, 11, 0.04%, 0, 0, 7, 404.19, 337222, 3373
859, 0, 472, 483, 385, 11, 0.04%, 0, 0, 7, 393.59, 339236, 3373
864, 0, 405, 484, 384, 9, 0.04%, 0, 0, 7, 374.29, 341108, 3373
869, 0, 405, 491, 391, 9, 0.04%, 0, 0, 7, 382.41, 343042, 3373
874, 0, 405, 491, 391, 9, 0.04%, 0, 0, 7, 362.25, 344897, 3373
879, 0, 338, 492, 391, 9, 0.04%, 0, 0, 7, 354.64, 346659, 3374
885, 0, 337, 493, 390, 8, 0.04%, 0, 0, 7, 389.06, 348707, 3374
890, 0, 362, 493, 390, 8, 0.04%, 0, 0, 7, 416.83, 350833, 3374
895, 0, 435, 493, 389, 7, 0.04%, 0, 0, 7, 408.85, 352906, 3374
900, 0, 362, 493, 389, 7, 0.04%, 0, 0, 7, 420.67, 355037, 3374
905, 0, 220, 493, 388, 6, 0.04%, 0, 0, 7, 318.54, 356657, 3374
910, 0, 491, 493, 387, 5, 0.04%, 0, 0, 7, 210.02, 358090, 3374
915, 0, 296, 494, 387, 4, 0.04%, 0, 0, 7, 296.16, 359717, 3374
920, 0, 481, 495, 387, 3, 0.04%, 0, 0, 7, 352.21, 361597, 3374
925, 0, 362, 495, 386, 2, 0.04%, 0, 0, 7, 365.69, 363437, 3374
931, 0, 362, 495, 386, 2, 0.04%, 0, 0, 7, 381.34, 365447, 3374
936, 0, 482, 496, 387, 2, 0.04%, 0, 0, 7, 381.72, 367422, 3379
941, 0, 362, 496, 385, 1, 0.04%, 0, 0, 7, 382.57, 369409, 3379
946, 0, 362, 496, 385, 1, 0.04%, 0, 0, 7, 399.91, 371405, 3379
951, 0, 295, 496, 385, 1, 0.04%, 0, 0, 7, 403.04, 373457, 3379
956, 0, 362, 496, 384, 0, 0.04%, 0, 0, 7, 407.36, 375511, 3379
961, 0, 155, 497, 385, 0, 0.04%, 0, 0, 7, 380.84, 377385, 3379
966, 0, 155, 497, 385, 0, 0.04%, 0, 0, 7, 392.39, 379455, 3379
971, 0, 362, 497, 385, 0, 0.04%, 0, 0, 7, 392.81, 381412, 3379
977, 0, 409, 497, 385, 0, 0.04%, 0, 0, 7, 384.45, 383359, 3379
982, 0, 409, 498, 386, 0, 0.04%, 0, 0, 7, 388.70, 385361, 3379
987, 0, 409, 498, 386, 0, 0.04%, 0, 0, 7, 395.46, 387440, 3379
992, 0, 409, 498, 386, 0, 0.04%, 0, 0, 7, 397.50, 389512, 3379
997, 0, 409, 498, 386, 0, 0.04%, 0, 0, 7, 396.47, 391493, 3379
1002, 0, 495, 499, 387, 0, 0.04%, 0, 0, 7, 389.73, 393495, 3380
1007, 0, 495, 500, 388, 0, 0.04%, 0, 0, 7, 399.80, 395553, 3381
1013, 0, 495, 500, 388, 0, 0.04%, 0, 0, 7, 398.07, 397604, 3381
1018, 0, 495, 500, 388, 0, 0.04%, 0, 0, 7, 401.40, 399699, 3381
1023, 0, 495, 500, 388, 0, 0.04%, 0, 0, 7, 406.34, 401763, 3381
1028, 0, 495, 500, 388, 0, 0.04%, 0, 0, 7, 398.80, 403771, 3381
1033, 0, 495, 500, 388, 0, 0.04%, 0, 0, 7, 406.12, 405815, 3381
1038, 0, 142, 500, 388, 2, 0.04%, 0, 0, 7, 408.04, 407907, 3381
1043, 0, 327, 500, 388, 2, 0.04%, 0, 0, 7, 399.16, 409977, 3381
1048, 0, 499, 500, 388, 2, 0.04%, 0, 0, 7, 404.59, 412058, 3381
1053, 0, 481, 500, 387, 1, 0.04%, 0, 0, 7, 405.12, 414084, 3381
1059, 0, 481, 500, 387, 1, 0.04%, 0, 0, 7, 405.89, 416214, 3381
1064, 0, 481, 500, 387, 1, 0.04%, 0, 0, 7, 401.90, 418202, 3381
1069, 0, 442, 500, 387, 1, 0.04%, 0, 0, 7, 404.15, 420224, 3381
1074, 0, 442, 501, 388, 1, 0.04%, 0, 0, 7, 406.35, 422271, 3381
1079, 0, 442, 501, 388, 1, 0.04%, 0, 0, 7, 404.21, 424319, 3381
1084, 0, 442, 501, 388, 1, 0.04%, 0, 0, 7, 400.00, 426384, 3381
1089, 0, 442, 501, 388, 1, 0.04%, 0, 0, 7, 404.61, 428435, 3381
1094, 0, 498, 503, 390, 1, 0.04%, 0, 0, 8, 415.05, 430517, 3386
1099, 0, 362, 503, 389, 2, 0.04%, 0, 0, 8, 403.72, 432543, 3386
1104, 0, 362, 503, 388, 2, 0.04%, 0, 0, 8, 400.79, 434586, 3386
1109, 0, 79, 503, 388, 2, 0.04%, 0, 0, 8, 402.86, 436611, 3386
1114, 0, 502, 504, 388, 2, 0.04%, 0, 0, 9, 409.22, 438693, 3388
1119, 0, 362, 505, 388, 2, 0.04%, 0, 0, 9, 394.50, 440668, 3388
1125, 0, 362, 505, 388, 2, 0.04%, 0, 0, 9, 400.65, 442721, 3388
1130, 0, 503, 505, 388, 2, 0.04%, 0, 0, 9, 403.96, 444783, 3388
1135, 0, 362, 505, 387, 1, 0.04%, 0, 0, 9, 400.50, 446779, 3388
1140, 0, 501, 505, 387, 1, 0.04%, 0, 0, 9, 403.03, 448784, 3388
1145, 0, 482, 505, 386, 0, 0.04%, 0, 0, 9, 401.10, 450836, 3388
1150, 0, 482, 505, 386, 0, 0.04%, 0, 0, 9, 405.35, 452902, 3388
1155, 0, 482, 505, 386, 0, 0.04%, 0, 0, 9, 407.39, 454922, 3388
1160, 0, 362, 505, 386, 0, 0.04%, 0, 0, 9, 407.67, 456954, 3388
1165, 0, 498, 505, 386, 0, 0.04%, 0, 0, 9, 412.94, 459050, 3388
1170, 0, 334, 505, 386, 0, 0.04%, 0, 0, 9, 408.81, 461108, 3388
1175, 0, 362, 505, 386, 0, 0.04%, 0, 0, 9, 405.59, 463192, 3388
1180, 0, 482, 505, 386, 0, 0.04%, 0, 0, 9, 404.19, 465212, 3388
1185, 0, 482, 505, 386, 0, 0.04%, 0, 0, 9, 407.10, 467246, 3388
1190, 0, 482, 505, 386, 0, 0.04%, 0, 0, 9, 398.44, 469235, 3388
1195, 0, 169, 505, 386, 0, 0.04%, 0, 0, 9, 406.50, 471343, 3388
1201, 0, 362, 505, 386, 0, 0.04%, 0, 0, 9, 404.98, 473437, 3388
1206, 0, 362, 505, 386, 0, 0.04%, 0, 0, 9, 395.24, 475437, 3388
1211, 0, 362, 505, 386, 0, 0.04%, 0, 0, 9, 393.08, 477403, 3388
1216, 0, 362, 505, 386, 0, 0.04%, 0, 0, 9, 399.37, 479476, 3388
1221, 0, 464, 505, 386, 0, 0.04%, 0, 0, 9, 404.13, 481567, 3388
1226, 0, 464, 506, 387, 0, 0.04%, 0, 0, 9, 408.47, 483636, 3388
1231, 0, 362, 506, 387, 1, 0.04%, 0, 0, 9, 405.10, 485628, 3388
1236, 0, 362, 506, 387, 1, 0.04%, 0, 0, 9, 410.60, 487698, 3388
1241, 0, 362, 506, 387, 1, 0.04%, 0, 0, 9, 410.75, 489778, 3388
1247, 0, 498, 506, 387, 1, 0.04%, 0, 0, 9, 402.19, 491803, 3388
1252, 0, 482, 506, 386, 1, 0.04%, 0, 0, 9, 400.65, 493894, 3388
1257, 0, 362, 506, 386, 1, 0.04%, 0, 0, 9, 396.17, 495927, 3388
1262, 0, 505, 507, 387, 1, 0.04%, 0, 0, 9, 388.55, 497932, 3388
1267, 0, 362, 507, 386, 0, 0.04%, 0, 0, 9, 389.28, 499844, 3388
1272, 0, 266, 507, 386, 0, 0.04%, 0, 0, 9, 394.50, 501912, 3388
1277, 0, 266, 507, 386, 0, 0.04%, 0, 0, 9, 399.19, 503984, 3388
1282, 0, 435, 507, 386, 0, 0.04%, 0, 0, 9, 398.66, 505990, 3388
1287, 0, 144, 507, 386, 0, 0.04%, 0, 0, 9, 406.08, 508023, 3388
1292, 0, 144, 507, 386, 0, 0.04%, 0, 0, 9, 392.14, 509979, 3388
1298, 0, 442, 507, 386, 0, 0.04%, 0, 0, 9, 393.86, 512027, 3388
1303, 0, 442, 507, 386, 0, 0.04%, 0, 0, 9, 377.63, 513903, 3388
1308, 0, 442, 509, 388, 0, 0.04%, 0, 0, 9, 382.89, 515898, 3390
1313, 0, 442, 509, 388, 0, 0.04%, 0, 0, 9, 397.41, 517935, 3390
1318, 0, 362, 509, 388, 1, 0.04%, 0, 0, 9, 404.77, 520028, 3390
1323, 0, 362, 509, 388, 1, 0.04%, 0, 0, 9, 406.28, 522063, 3390
1328, 0, 508, 509, 387, 1, 0.04%, 0, 0, 9, 397.56, 524071, 3390
1333, 0, 362, 509, 386, 0, 0.04%, 0, 0, 9, 394.59, 526051, 3390
1339, 0, 362, 509, 386, 0, 0.04%, 0, 0, 9, 399.75, 528150, 3390
1344, 0, 362, 509, 386, 0, 0.04%, 0, 0, 9, 408.58, 530223, 3390
1349, 0, 362, 509, 386, 0, 0.04%, 0, 0, 9, 408.23, 532239, 3390
1354, 0, 362, 509, 386, 0, 0.04%, 0, 0, 9, 413.32, 534341, 3390
1359, 0, 388, 509, 386, 0, 0.04%, 0, 0, 9, 406.38, 536361, 3390
1364, 0, 388, 509, 386, 0, 0.04%, 0, 0, 9, 405.23, 538411, 3390
1369, 0, 388, 509, 386, 0, 0.04%, 0, 0, 9, 406.24, 540453, 3390
1374, 0, 362, 510, 387, 0, 0.04%, 0, 0, 9, 401.94, 542490, 3390
1379, 0, 362, 510, 387, 0, 0.04%, 0, 0, 9, 401.43, 544570, 3390
1384, 0, 435, 510, 387, 0, 0.04%, 0, 0, 9, 397.61, 546561, 3390
1389, 0, 155, 510, 387, 0, 0.04%, 0, 0, 9, 402.98, 548619, 3390
1394, 0, 155, 510, 387, 0, 0.04%, 0, 0, 9, 390.69, 550561, 3390
1399, 0, 155, 510, 387, 0, 0.04%, 0, 0, 9, 397.55, 552576, 3390
1404, 0, 155, 511, 388, 0, 0.04%, 0, 0, 9, 392.53, 554538, 3390
1409, 0, 184, 511, 388, 0, 0.04%, 0, 0, 9, 403.83, 556642, 3390
1414, 0, 184, 511, 388, 0, 0.04%, 0, 0, 9, 397.78, 558627, 3390
1419, 0, 432, 511, 388, 0, 0.04%, 0, 0, 9, 403.15, 560683, 3390
1424, 0, 155, 511, 388, 0, 0.04%, 0, 0, 9, 403.20, 562686, 3390
1429, 0, 155, 512, 389, 0, 0.04%, 0, 0, 9, 396.97, 564689, 3392
1434, 0, 78, 512, 389, 1, 0.04%, 0, 0, 9, 403.56, 566692, 3392
1439, 0, 362, 512, 388, 1, 0.04%, 0, 0, 9, 414.63, 568799, 3392
1445, 0, 362, 512, 387, 0, 0.04%, 0, 0, 9, 407.84, 570812, 3392
1450, 0, 435, 512, 387, 0, 0.04%, 0, 0, 9, 399.83, 572882, 3392
1455, 0, 362, 512, 387, 0, 0.04%, 0, 0, 9, 406.49, 574933, 3392
1460, 0, 325, 512, 387, 0, 0.04%, 0, 0, 9, 396.56, 576946, 3392
1465, 0, 362, 512, 387, 0, 0.04%, 0, 0, 9, 398.06, 579003, 3392
1470, 0, 498, 512, 387, 0, 0.04%, 0, 0, 9, 390.74, 580920, 3392
1475, 0, 392, 512, 387, 0, 0.04%, 0, 0, 9, 407.05, 582985, 3392
1480, 0, 392, 512, 387, 0, 0.04%, 0, 0, 9, 413.96, 585087, 3392
1485, 0, 392, 514, 389, 0, 0.04%, 0, 0, 9, 393.16, 587109, 3396
1490, 0, 362, 514, 389, 2, 0.04%, 0, 0, 9, 393.85, 589150, 3396
1496, 0, 513, 514, 389, 2, 0.04%, 0, 0, 9, 400.57, 591230, 3396
1501, 0, 362, 514, 388, 1, 0.04%, 0, 0, 9, 410.77, 593292, 3396
1506, 0, 334, 514, 387, 1, 0.04%, 0, 0, 9, 393.28, 595328, 3396
1511, 0, 512, 514, 387, 1, 0.04%, 0, 0, 9, 406.24, 597369, 3396
1516, 0, 362, 514, 386, 0, 0.04%, 0, 0, 9, 403.10, 599383, 3396
1521, 0, 362, 514, 386, 0, 0.04%, 0, 0, 9, 409.20, 601469, 3396
1526, 0, 334, 514, 386, 0, 0.04%, 0, 0, 9, 389.21, 603375, 3396
1531, 0, 362, 514, 386, 0, 0.04%, 0, 0, 9, 394.08, 605404, 3396
1536, 0, 184, 514, 386, 0, 0.04%, 0, 0, 9, 406.10, 607451, 3396
1541, 0, 184, 514, 386, 0, 0.04%, 0, 0, 9, 308.34, 608991, 3396
1546, 0, 362, 514, 386, 0, 0.04%, 0, 0, 9, 277.76, 610334, 3396
1552, 0, 155, 514, 386, 0, 0.04%, 0, 0, 9, 286.14, 611792, 3396
1557, 0, 155, 514, 386, 0, 0.04%, 0, 0, 9, 277.40, 613230, 3396
1562, 0, 482, 515, 387, 0, 0.04%, 0, 0, 9, 262.16, 614567, 3396
1567, 0, 482, 515, 387, 0, 0.04%, 0, 0, 9, 285.52, 616017, 3396
1572, 0, 334, 515, 387, 0, 0.04%, 0, 0, 9, 363.80, 617949, 3396
1577, 0, 432, 515, 387, 0, 0.04%, 0, 0, 9, 403.19, 620083, 3396
1582, 0, 362, 515, 387, 0, 0.04%, 0, 0, 9, 402.27, 622158, 3396
1587, 0, 87, 515, 387, 0, 0.04%, 0, 0, 9, 384.67, 624150, 3396
1593, 0, 482, 515, 387, 0, 0.04%, 0, 0, 9, 374.29, 625988, 3396
1598, 0, 498, 515, 387, 0, 0.04%, 0, 0, 9, 404.98, 628056, 3396
1603, 0, 362, 515, 387, 0, 0.04%, 0, 0, 9, 370.12, 629975, 3396
1608, 0, 435, 515, 387, 0, 0.04%, 0, 0, 9, 388.20, 631897, 3396
1613, 0, 362, 515, 387, 0, 0.04%, 0, 0, 9, 404.05, 633940, 3396
1618, 0, 362, 515, 387, 0, 0.04%, 0, 0, 9, 409.19, 636026, 3396
1623, 0, 482, 515, 387, 0, 0.04%, 0, 0, 9, 327.53, 637676, 3396
1628, 0, 106, 515, 387, 0, 0.04%, 0, 0, 9, 380.12, 639617, 3396
1633, 0, 106, 515, 387, 0, 0.04%, 0, 0, 9, 398.06, 641706, 3396
1638, 0, 172, 515, 387, 0, 0.04%, 0, 0, 9, 394.23, 643764, 3396
1644, 0, 172, 517, 389, 0, 0.04%, 0, 0, 9, 388.24, 645774, 3397
1649, 0, 362, 517, 389, 1, 0.04%, 0, 0, 9, 396.14, 647755, 3397
1654, 0, 362, 517, 388, 1, 0.04%, 0, 0, 9, 403.22, 649750, 3397
1659, 0, 516, 517, 388, 1, 0.04%, 0, 0, 9, 412.93, 651910, 3397
1664, 0, 362, 520, 390, 1, 0.04%, 0, 0, 9, 372.14, 653702, 3397
1669, 0, 362, 520, 389, 0, 0.04%, 0, 0, 9, 398.89, 655819, 3397
1674, 0, 362, 520, 389, 0, 0.04%, 0, 0, 9, 418.96, 658017, 3397
1679, 0, 362, 520, 389, 0, 0.04%, 0, 0, 9, 417.16, 660137, 3397
1684, 0, 362, 520, 389, 0, 0.04%, 0, 0, 9, 419.66, 662249, 3397
1689, 0, 327, 520, 389, 0, 0.04%, 0, 0, 9, 409.03, 664311, 3397
1694, 0, 362, 520, 389, 0, 0.04%, 0, 0, 9, 379.40, 666233, 3397
1699, 0, 491, 521, 390, 0, 0.04%, 0, 0, 9, 380.58, 668145, 3397
1705, 0, 491, 521, 390, 0, 0.04%, 0, 0, 9, 397.63, 670224, 3397
1710, 0, 491, 521, 390, 0, 0.04%, 0, 0, 9, 402.83, 672265, 3397
1715, 0, 491, 521, 390, 0, 0.04%, 0, 0, 9, 391.85, 674256, 3397
1720, 0, 155, 521, 390, 0, 0.04%, 0, 0, 9, 388.20, 676240, 3397
1725, 0, 432, 521, 390, 0, 0.04%, 0, 0, 9, 384.20, 678140, 3397
1730, 0, 362, 521, 390, 0, 0.04%, 0, 0, 9, 394.49, 680197, 3397
1735, 0, 362, 521, 390, 0, 0.04%, 0, 0, 9, 380.66, 682109, 3397
1740, 0, 495, 521, 390, 0, 0.04%, 0, 0, 9, 387.89, 684156, 3397
1745, 0, 495, 522, 391, 0, 0.04%, 0, 0, 9, 392.84, 686123, 3397
1751, 0, 495, 522, 391, 0, 0.04%, 0, 0, 9, 385.90, 688153, 3397
1756, 0, 362, 522, 391, 0, 0.04%, 0, 0, 9, 390.33, 690120, 3397
1761, 0, 213, 523, 392, 0, 0.04%, 0, 0, 9, 375.10, 692020, 3397
1766, 0, 213, 523, 392, 0, 0.04%, 0, 0, 9, 381.95, 693891, 3397
1771, 0, 327, 523, 392, 0, 0.04%, 0, 0, 9, 395.89, 695980, 3397
1776, 0, 215, 523, 392, 0, 0.04%, 0, 0, 9, 402.97, 698025, 3397
1781, 0, 362, 523, 392, 0, 0.04%, 0, 0, 9, 390.03, 699984, 3397
1786, 0, 362, 523, 392, 0, 0.04%, 0, 0, 9, 405.80, 702026, 3397
1791, 0, 362, 523, 392, 0, 0.04%, 0, 0, 9, 399.64, 704037, 3397
1796, 0, 402, 523, 392, 0, 0.04%, 0, 0, 9, 400.44, 706042, 3397
1801, 0, 402, 523, 392, 0, 0.04%, 0, 0, 9, 385.49, 707953, 3397
1806, 0, 402, 523, 392, 0, 0.04%, 0, 0, 9, 399.42, 710046, 3397
1811, 0, 362, 523, 392, 0, 0.04%, 0, 0, 9, 400.54, 712125, 3397
1816, 0, 325, 523, 392, 0, 0.04%, 0, 0, 9, 407.76, 714206, 3397
1822, 0, 362, 523, 392, 0, 0.04%, 0, 0, 9, 393.21, 716192, 3397
1827, 0, 310, 523, 392, 0, 0.04%, 0, 0, 9, 397.37, 718279, 3397
1832, 0, 310, 523, 392, 0, 0.04%, 0, 0, 9, 401.78, 720296, 3397
1837, 0, 482, 523, 392, 0, 0.04%, 0, 0, 9, 388.59, 722324, 3397
1842, 0, 155, 523, 392, 0, 0.04%, 0, 0, 9, 358.65, 724118, 3397
1847, 0, 362, 523, 392, 0, 0.04%, 0, 0, 9, 351.37, 725842, 3397
1852, 0, 174, 523, 392, 0, 0.04%, 0, 0, 9, 341.07, 727484, 3397
1857, 0, 174, 523, 392, 0, 0.04%, 0, 0, 9, 388.48, 729567, 3397
1862, 0, 362, 523, 392, 0, 0.04%, 0, 0, 9, 396.27, 731571, 3397
1867, 0, 362, 523, 392, 0, 0.04%, 0, 0, 9, 385.31, 733558, 3397
1873, 0, 362, 523, 392, 0, 0.04%, 0, 0, 9, 394.90, 735638, 3397
1878, 0, 476, 523, 392, 0, 0.04%, 0, 0, 9, 393.01, 737648, 3397
1883, 0, 476, 523, 392, 0, 0.04%, 0, 0, 9, 388.68, 739650, 3397
1888, 0, 476, 523, 392, 0, 0.04%, 0, 0, 9, 402.62, 741751, 3397
1893, 0, 155, 523, 392, 0, 0.04%, 0, 0, 9, 401.88, 743781, 3397
1898, 0, 362, 523, 392, 0, 0.04%, 0, 0, 9, 403.65, 745795, 3397
1903, 0, 184, 523, 392, 0, 0.04%, 0, 0, 9, 381.68, 747703, 3397
1908, 0, 362, 523, 392, 0, 0.04%, 0, 0, 9, 391.40, 749726, 3397
1913, 0, 362, 523, 392, 0, 0.04%, 0, 0, 9, 409.92, 751808, 3397
1918, 0, 337, 523, 392, 0, 0.04%, 0, 0, 9, 412.94, 753920, 3397
1923, 0, 362, 523, 392, 0, 0.04%, 0, 0, 9, 415.08, 756020, 3397
1929, 0, 362, 523, 392, 0, 0.04%, 0, 0, 9, 418.68, 758207, 3397
1934, 0, 362, 523, 391, 0, 0.04%, 0, 0, 9, 415.39, 760273, 3397
1939, 0, 362, 523, 391, 0, 0.04%, 0, 0, 9, 403.85, 762377, 3397
1944, 0, 502, 523, 391, 0, 0.04%, 0, 0, 9, 407.94, 764432, 3397
1949, 0, 362, 523, 391, 0, 0.04%, 0, 0, 9, 395.14, 766484, 3397
1954, 0, 362, 523, 391, 0, 0.04%, 0, 0, 9, 405.92, 768594, 3397
1959, 0, 439, 523, 391, 0, 0.04%, 0, 0, 9, 401.99, 770606, 3397
1964, 0, 439, 523, 391, 0, 0.04%, 0, 0, 9, 410.75, 772664, 3397
1969, 0, 439, 523, 391, 0, 0.04%, 0, 0, 9, 413.43, 774738, 3397
1974, 0, 362, 523, 391, 0, 0.04%, 0, 0, 9, 415.46, 776810, 3397
1979, 0, 362, 523, 391, 0, 0.04%, 0, 0, 9, 411.08, 778904, 3397
1984, 0, 362, 523, 391, 0, 0.04%, 0, 0, 9, 410.00, 780971, 3397
1990, 0, 362, 523, 391, 0, 0.04%, 0, 0, 9, 415.62, 783083, 3397
1995, 0, 362, 523, 391, 0, 0.04%, 0, 0, 9, 399.53, 785169, 3397
2000, 0, 362, 523, 391, 0, 0.04%, 0, 0, 9, 409.48, 787252, 3397
2005, 0, 362, 523, 391, 0, 0.04%, 0, 0, 9, 412.00, 789324, 3397
2010, 0, 155, 523, 391, 0, 0.04%, 0, 0, 9, 411.73, 791398, 3397
2015, 0, 499, 523, 391, 0, 0.04%, 0, 0, 9, 406.65, 793503, 3397
2020, 0, 499, 523, 391, 0, 0.04%, 0, 0, 9, 411.36, 795603, 3397
2025, 0, 499, 523, 391, 0, 0.04%, 0, 0, 9, 408.97, 797693, 3397
2030, 0, 482, 523, 391, 0, 0.04%, 0, 0, 9, 411.29, 799776, 3397
2035, 1, 362, 523, 391, 0, 0.04%, 0, 0, 9, 408.04, 801808, 3397
2040, 1, 482, 523, 391, 0, 0.04%, 0, 0, 9, 410.43, 803894, 3397
2046, 1, 373, 524, 392, 0, 0.04%, 0, 0, 9, 413.90, 805999, 3397
2051, 1, 435, 525, 393, 0, 0.04%, 0, 0, 9, 400.80, 808025, 3397
2056, 1, 362, 525, 393, 0, 0.04%, 0, 0, 9, 400.19, 810044, 3397
2061, 1, 155, 525, 393, 0, 0.04%, 0, 0, 9, 399.00, 812106, 3397
2066, 1, 388, 527, 395, 0, 0.04%, 0, 0, 9, 405.16, 814164, 3397
2071, 1, 388, 528, 396, 0, 0.04%, 0, 0, 9, 401.62, 816235, 3397
2076, 1, 388, 528, 396, 0, 0.04%, 0, 0, 9, 405.24, 818315, 3397
2081, 1, 388, 528, 396, 0, 0.04%, 0, 0, 9, 409.38, 820383, 3397
2086, 1, 388, 529, 397, 0, 0.04%, 0, 0, 9, 401.72, 822408, 3397
2091, 1, 362, 531, 399, 0, 0.04%, 0, 0, 9, 404.37, 824426, 3397
2096, 1, 362, 531, 399, 0, 0.04%, 0, 0, 9, 407.46, 826490, 3397
2101, 1, 482, 531, 399, 0, 0.04%, 0, 0, 9, 414.40, 828593, 3397
2106, 1, 362, 531, 399, 0, 0.04%, 0, 0, 9, 403.98, 830627, 3397
2112, 1, 376, 531, 398, 0, 0.04%, 0, 0, 9, 398.70, 832684, 3397
2117, 1, 184, 532, 398, 0, 0.04%, 0, 0, 9, 402.46, 834699, 3397
2122, 1, 184, 532, 398, 0, 0.04%, 0, 0, 9, 396.07, 836725, 3397
2127, 1, 362, 533, 399, 0, 0.04%, 0, 0, 9, 404.04, 838778, 3397
2132, 1, 362, 533, 399, 0, 0.04%, 0, 0, 9, 419.83, 840986, 3397
2137, 1, 362, 533, 399, 0, 0.04%, 0, 0, 9, 416.31, 843058, 3397
2142, 1, 108, 533, 399, 0, 0.04%, 0, 0, 9, 404.48, 845105, 3397
2147, 1, 362, 533, 398, 0, 0.04%, 0, 0, 9, 418.28, 847223, 3397
2152, 1, 164, 533, 398, 0, 0.04%, 0, 0, 9, 419.85, 849335, 3397
2157, 1, 438, 533, 397, 0, 0.04%, 0, 0, 9, 422.91, 851539, 3397
2162, 1, 362, 533, 397, 0, 0.04%, 0, 0, 9, 418.46, 853662, 3397
2167, 1, 362, 533, 397, 0, 0.04%, 0, 0, 9, 421.58, 855772, 3397
2172, 1, 482, 533, 397, 0, 0.04%, 0, 0, 9, 422.22, 857892, 3397
2178, 1, 362, 533, 397, 0, 0.04%, 0, 0, 9, 422.84, 860023, 3397
2183, 1, 362, 533, 397, 0, 0.04%, 0, 0, 9, 423.17, 862141, 3397
2188, 1, 155, 534, 398, 0, 0.04%, 0, 0, 9, 414.25, 864237, 3397
2193, 1, 337, 534, 398, 0, 0.04%, 0, 0, 9, 422.88, 866439, 3397
2198, 1, 362, 534, 398, 0, 0.04%, 0, 0, 9, 420.24, 868560, 3397
2203, 1, 402, 534, 398, 0, 0.04%, 0, 0, 9, 403.45, 870594, 3397
2208, 1, 402, 534, 398, 0, 0.04%, 0, 0, 9, 406.25, 872626, 3397
2213, 1, 402, 534, 398, 0, 0.04%, 0, 0, 9, 413.09, 874708, 3397
2218, 1, 482, 534, 398, 0, 0.04%, 0, 0, 9, 403.04, 876797, 3397
2223, 1, 390, 535, 399, 0, 0.04%, 0, 0, 9, 409.17, 878892, 3397
2228, 1, 390, 535, 399, 0, 0.04%, 0, 0, 9, 410.69, 880948, 3397
2233, 1, 390, 536, 400, 0, 0.04%, 0, 0, 9, 405.42, 882997, 3397
2238, 1, 390, 536, 400, 0, 0.04%, 0, 0, 9, 403.33, 885007, 3397
2243, 1, 362, 536, 400, 0, 0.04%, 0, 0, 9, 401.13, 887035, 3397
2249, 1, 482, 536, 400, 0, 0.04%, 0, 0, 9, 400.19, 889104, 3397
2254, 1, 370, 536, 400, 0, 0.04%, 0, 0, 9, 387.60, 891079, 3397
2259, 1, 370, 536, 400, 0, 0.04%, 0, 0, 9, 388.01, 893096, 3397
2264, 1, 362, 536, 400, 0, 0.04%, 0, 0, 9, 404.07, 895200, 3397
2269, 1, 399, 536, 400, 0, 0.04%, 0, 0, 9, 412.07, 897301, 3397
2274, 1, 362, 538, 401, 0, 0.04%, 0, 0, 9, 401.16, 899379, 3397
2279, 1, 362, 538, 401, 0, 0.04%, 0, 0, 9, 409.04, 901438, 3397
2284, 1, 362, 538, 401, 0, 0.04%, 0, 0, 9, 390.86, 903329, 3397
2289, 1, 362, 538, 401, 0, 0.04%, 0, 0, 9, 394.99, 905332, 3397
2295, 1, 362, 538, 401, 0, 0.04%, 0, 0, 9, 389.17, 907347, 3397
2300, 1, 362, 538, 401, 0, 0.04%, 0, 0, 9, 415.37, 909464, 3397
2305, 1, 362, 538, 401, 0, 0.04%, 0, 0, 9, 418.21, 911573, 3397
2310, 1, 317, 538, 401, 0, 0.04%, 0, 0, 9, 414.46, 913640, 3397
2315, 1, 362, 538, 401, 0, 0.04%, 0, 0, 9, 418.68, 915735, 3397
2320, 1, 362, 538, 401, 0, 0.04%, 0, 0, 9, 422.05, 917866, 3397
2325, 1, 155, 538, 401, 0, 0.04%, 0, 0, 9, 412.39, 919915, 3397
2330, 1, 498, 538, 401, 0, 0.04%, 0, 0, 9, 418.21, 922029, 3397
2335, 1, 362, 538, 401, 0, 0.04%, 0, 0, 9, 409.81, 924046, 3397
2340, 1, 362, 538, 401, 0, 0.04%, 0, 0, 9, 420.59, 926166, 3397
2345, 1, 362, 538, 400, 0, 0.04%, 0, 0, 9, 404.07, 928146, 3397
2350, 1, 435, 538, 400, 0, 0.04%, 0, 0, 9, 416.96, 930275, 3397
2355, 1, 503, 538, 400, 0, 0.04%, 0, 0, 9, 417.85, 932378, 3397
2360, 1, 439, 538, 400, 0, 0.04%, 0, 0, 9, 422.29, 934566, 3397
2365, 1, 439, 539, 401, 0, 0.04%, 0, 0, 9, 418.46, 936661, 3397
2370, 1, 439, 539, 401, 0, 0.04%, 0, 0, 9, 419.81, 938757, 3397
2375, 1, 439, 539, 401, 0, 0.04%, 0, 0, 9, 419.00, 940927, 3397
2381, 1, 439, 539, 401, 0, 0.04%, 0, 0, 9, 421.93, 943121, 3397
2386, 1, 155, 539, 401, 0, 0.04%, 0, 0, 9, 404.94, 945146, 3397
2391, 1, 362, 539, 401, 0, 0.04%, 0, 0, 9, 417.28, 947248, 3397
2396, 1, 498, 539, 401, 0, 0.04%, 0, 0, 9, 420.97, 949443, 3397
2401, 1, 362, 539, 401, 0, 0.04%, 0, 0, 9, 421.71, 951566, 3397
2406, 1, 362, 539, 401, 0, 0.04%, 0, 0, 9, 420.47, 953654, 3397
2411, 1, 393, 539, 401, 0, 0.04%, 0, 0, 9, 420.55, 955762, 3397
2416, 1, 393, 539, 401, 0, 0.04%, 0, 0, 9, 418.83, 957875, 3397
2421, 1, 432, 539, 401, 0, 0.04%, 0, 0, 9, 405.04, 959956, 3397
2426, 1, 362, 539, 401, 0, 0.04%, 0, 0, 9, 410.98, 962054, 3397
2431, 1, 362, 539, 401, 0, 0.04%, 0, 0, 9, 410.62, 964179, 3397
2436, 1, 362, 539, 401, 0, 0.04%, 0, 0, 9, 406.92, 966233, 3397
2442, 1, 498, 539, 401, 0, 0.04%, 0, 0, 9, 407.00, 968360, 3397
2447, 1, 145, 539, 401, 0, 0.04%, 0, 0, 9, 404.65, 970383, 3397
2452, 1, 482, 539, 401, 0, 0.04%, 0, 0, 9, 411.78, 972452, 3397
2457, 1, 498, 539, 401, 0, 0.04%, 0, 0, 9, 409.38, 974517, 3397
2462, 1, 362, 539, 401, 0, 0.04%, 0, 0, 9, 409.77, 976558, 3397
2467, 1, 110, 539, 401, 0, 0.04%, 0, 0, 9, 407.35, 978621, 3397
2472, 1, 362, 539, 401, 0, 0.04%, 0, 0, 9, 409.25, 980681, 3397
2477, 1, 362, 539, 401, 0, 0.04%, 0, 0, 9, 405.44, 982777, 3397
2482, 1, 439, 539, 401, 0, 0.04%, 0, 0, 9, 409.49, 984885, 3397
2487, 1, 439, 539, 401, 0, 0.04%, 0, 0, 9, 413.33, 986975, 3397
2492, 1, 390, 539, 401, 0, 0.04%, 0, 0, 9, 410.36, 989103, 3397
2497, 1, 390, 539, 401, 0, 0.04%, 0, 0, 9, 410.44, 991159, 3397
2503, 1, 390, 540, 402, 0, 0.04%, 0, 0, 9, 399.18, 993183, 3397
2508, 1, 390, 540, 402, 0, 0.04%, 0, 0, 9, 402.21, 995196, 3397
2513, 1, 362, 540, 402, 0, 0.04%, 0, 0, 9, 402.00, 997226, 3397
2518, 1, 362, 540, 402, 0, 0.04%, 0, 0, 9, 409.10, 999293, 3397
2523, 1, 290, 540, 402, 0, 0.04%, 0, 0, 9, 403.88, 1001329, 3397
2528, 1, 290, 543, 405, 0, 0.04%, 0, 0, 9, 400.51, 1003334, 3397
2533, 1, 290, 543, 405, 0, 0.04%, 0, 0, 9, 390.41, 1005328, 3397
2538, 1, 290, 544, 406, 0, 0.04%, 0, 0, 9, 394.43, 1007337, 3397
2543, 1, 290, 545, 407, 0, 0.04%, 0, 0, 9, 395.63, 1009311, 3397
2548, 1, 290, 545, 407, 0, 0.04%, 0, 0, 9, 390.62, 1011362, 3397
2553, 1, 290, 546, 408, 0, 0.04%, 0, 0, 9, 384.27, 1013273, 3397
2558, 1, 290, 547, 409, 0, 0.04%, 0, 0, 9, 394.75, 1015268, 3397
2563, 1, 290, 547, 409, 0, 0.04%, 0, 0, 9, 390.12, 1017228, 3397
2568, 1, 290, 547, 409, 0, 0.04%, 0, 0, 9, 392.55, 1019270, 3397
2574, 1, 290, 548, 410, 0, 0.04%, 0, 0, 9, 399.28, 1021349, 3397
2579, 1, 544, 549, 411, 1, 0.04%, 0, 0, 9, 403.13, 1023379, 3398
2584, 1, 432, 549, 410, 1, 0.04%, 0, 0, 9, 407.29, 1025452, 3398
2589, 1, 548, 549, 410, 1, 0.04%, 0, 0, 9, 400.36, 1027443, 3398
2594, 1, 362, 549, 409, 0, 0.04%, 0, 0, 9, 398.50, 1029479, 3398
2599, 1, 266, 549, 409, 0, 0.04%, 0, 0, 9, 403.89, 1031585, 3398
2604, 1, 266, 549, 409, 0, 0.04%, 0, 0, 9, 389.59, 1033619, 3398
2609, 1, 425, 549, 409, 0, 0.04%, 0, 0, 9, 404.02, 1035663, 3398
2614, 1, 425, 550, 410, 0, 0.04%, 0, 0, 9, 409.93, 1037758, 3398
2619, 1, 425, 550, 410, 0, 0.04%, 0, 0, 9, 413.36, 1039852, 3398
2625, 1, 468, 550, 410, 2, 0.04%, 0, 0, 9, 392.85, 1041845, 3398
2630, 1, 433, 550, 409, 2, 0.04%, 0, 0, 9, 411.80, 1043983, 3398
2635, 1, 362, 550, 408, 1, 0.04%, 0, 0, 9, 419.59, 1046099, 3398
2640, 1, 362, 550, 408, 1, 0.04%, 0, 0, 9, 422.03, 1048217, 3398
2645, 1, 184, 550, 408, 1, 0.04%, 0, 0, 9, 419.10, 1050337, 3398
2650, 1, 184, 550, 408, 1, 0.04%, 0, 0, 9, 418.76, 1052446, 3398
2655, 1, 44, 550, 408, 1, 0.04%, 0, 0, 9, 418.57, 1054560, 3398
2660, 1, 362, 550, 406, 0, 0.04%, 0, 0, 9, 404.29, 1056611, 3398
2665, 1, 362, 550, 405, 0, 0.04%, 0, 0, 9, 412.74, 1058712, 3398
2670, 1, 362, 550, 405, 0, 0.04%, 0, 0, 9, 418.23, 1060830, 3398
2675, 1, 503, 550, 405, 0, 0.04%, 0, 0, 9, 420.05, 1063025, 3398
2680, 1, 544, 550, 405, 0, 0.04%, 0, 0, 9, 401.31, 1065014, 3398
2686, 1, 544, 550, 405, 0, 0.04%, 0, 0, 9, 404.18, 1067099, 3398
2691, 1, 409, 550, 405, 0, 0.04%, 0, 0, 9, 410.56, 1069171, 3398
2696, 1, 409, 550, 405, 0, 0.04%, 0, 0, 9, 407.49, 1071239, 3398
2701, 1, 409, 550, 405, 0, 0.04%, 0, 0, 9, 403.00, 1073297, 3398
2706, 1, 362, 550, 405, 0, 0.04%, 0, 0, 9, 399.68, 1075310, 3398
2711, 1, 362, 550, 405, 0, 0.04%, 0, 0, 9, 407.10, 1077349, 3398
2716, 1, 362, 550, 405, 0, 0.04%, 0, 0, 9, 402.47, 1079451, 3398
2721, 1, 435, 550, 405, 0, 0.04%, 0, 0, 9, 409.98, 1081531, 3398
2726, 1, 362, 550, 405, 0, 0.04%, 0, 0, 9, 414.77, 1083637, 3398
2731, 1, 155, 550, 405, 0, 0.04%, 0, 0, 9, 409.74, 1085694, 3398
2737, 1, 184, 550, 405, 0, 0.04%, 0, 0, 9, 401.68, 1087767, 3398
2742, 1, 184, 550, 405, 0, 0.04%, 0, 0, 9, 392.72, 1089775, 3398
2747, 1, 388, 550, 405, 0, 0.04%, 0, 0, 9, 409.34, 1091855, 3398
2752, 1, 388, 550, 405, 0, 0.04%, 0, 0, 9, 406.65, 1093979, 3398
2757, 1, 482, 550, 405, 0, 0.04%, 0, 0, 9, 407.65, 1096017, 3398
2762, 1, 362, 550, 405, 0, 0.04%, 0, 0, 9, 409.08, 1098100, 3398
2767, 1, 362, 550, 404, 0, 0.04%, 0, 0, 9, 412.66, 1100186, 3398
2772, 1, 481, 550, 404, 0, 0.04%, 0, 0, 9, 409.12, 1102254, 3398
2777, 1, 481, 550, 404, 0, 0.04%, 0, 0, 9, 409.03, 1104311, 3398
2782, 1, 362, 550, 404, 0, 0.04%, 0, 0, 9, 412.51, 1106385, 3398
2787, 1, 362, 550, 404, 0, 0.04%, 0, 0, 9, 415.39, 1108487, 3398
2792, 1, 362, 550, 404, 0, 0.04%, 0, 0, 9, 407.90, 1110575, 3398
2797, 1, 362, 550, 403, 0, 0.04%, 0, 0, 9, 401.23, 1112664, 3398
2802, 1, 362, 550, 403, 0, 0.04%, 0, 0, 9, 407.00, 1114710, 3398
2808, 1, 362, 550, 403, 0, 0.04%, 0, 0, 9, 416.13, 1116809, 3398
2813, 1, 498, 551, 404, 0, 0.04%, 0, 0, 9, 420.10, 1118928, 3398
2818, 1, 549, 551, 404, 0, 0.04%, 0, 0, 9, 420.64, 1121057, 3398
2823, 1, 549, 553, 406, 0, 0.04%, 0, 0, 9, 419.89, 1123167, 3399
2828, 1, 549, 554, 407, 0, 0.04%, 0, 0, 9, 414.90, 1125262, 3399
2833, 1, 549, 554, 407, 0, 0.04%, 0, 0, 9, 419.29, 1127374, 3399
2838, 1, 549, 555, 408, 0, 0.04%, 0, 0, 9, 419.53, 1129485, 3399
2843, 1, 549, 555, 408, 0, 0.04%, 0, 0, 9, 418.64, 1131589, 3399
2848, 1, 549, 556, 409, 0, 0.04%, 0, 0, 9, 411.46, 1133668, 3399
2853, 1, 549, 557, 410, 0, 0.04%, 0, 0, 9, 408.16, 1135747, 3399
2858, 1, 549, 557, 410, 0, 0.04%, 0, 0, 9, 411.50, 1137843, 3399
2863, 1, 549, 558, 411, 0, 0.04%, 0, 0, 9, 399.06, 1139859, 3399
2868, 1, 549, 558, 411, 0, 0.04%, 0, 0, 9, 404.00, 1141890, 3399
2873, 1, 549, 559, 412, 0, 0.04%, 0, 0, 9, 405.94, 1143949, 3399
2878, 1, 551, 559, 412, 4, 0.04%, 0, 0, 9, 409.08, 1146013, 3399
2883, 1, 557, 559, 411, 3, 0.04%, 0, 0, 9, 401.08, 1148081, 3399
2889, 1, 435, 559, 410, 2, 0.04%, 0, 0, 9, 407.07, 1150149, 3399
2894, 1, 362, 561, 412, 2, 0.04%, 0, 0, 9, 410.84, 1152199, 3399
2899, 1, 303, 561, 412, 2, 0.04%, 0, 0, 9, 407.55, 1154279, 3399
2904, 1, 303, 562, 413, 2, 0.04%, 0, 0, 9, 404.86, 1156355, 3399
2909, 1, 498, 562, 413, 2, 0.04%, 0, 0, 9, 415.45, 1158487, 3399
2914, 1, 553, 563, 414, 2, 0.04%, 0, 0, 9, 417.29, 1160601, 3399
2919, 1, 562, 565, 415, 2, 0.04%, 0, 0, 9, 406.77, 1162650, 3399
2924, 1, 562, 565, 415, 2, 0.04%, 0, 0, 9, 408.41, 1164714, 3399
2929, 1, 362, 565, 414, 1, 0.04%, 0, 0, 9, 414.53, 1166790, 3399
2934, 1, 552, 566, 415, 1, 0.04%, 0, 0, 9, 418.09, 1168897, 3399
2939, 1, 362, 566, 414, 0, 0.04%, 0, 0, 9, 401.58, 1170955, 3399
2944, 1, 362, 566, 414, 0, 0.04%, 0, 0, 9, 413.36, 1173057, 3399
2949, 1, 390, 566, 414, 0, 0.04%, 0, 0, 9, 412.64, 1175147, 3399
2954, 1, 390, 566, 414, 0, 0.04%, 0, 0, 9, 411.76, 1177231, 3399
2959, 1, 390, 566, 414, 0, 0.04%, 0, 0, 9, 408.07, 1179264, 3399
2965, 1, 517, 566, 414, 0, 0.04%, 0, 0, 9, 398.85, 1181307, 3399
2970, 1, 517, 568, 416, 0, 0.04%, 0, 0, 9, 392.31, 1183274, 3399
2975, 1, 517, 569, 417, 0, 0.04%, 0, 0, 9, 388.10, 1185206, 3399
2980, 1, 517, 569, 417, 0, 0.04%, 0, 0, 9, 399.48, 1187236, 3399
2985, 1, 517, 570, 418, 0, 0.04%, 0, 0, 9, 403.40, 1189243, 3399
2990, 1, 517, 570, 418, 0, 0.04%, 0, 0, 9, 407.45, 1191291, 3399
2995, 1, 517, 570, 418, 0, 0.04%, 0, 0, 9, 392.00, 1193312, 3399
3000, 1, 517, 570, 418, 0, 0.04%, 0, 0, 9, 412.24, 1195411, 3399
3005, 1, 517, 570, 418, 0, 0.04%, 0, 0, 9, 411.07, 1197515, 3399
3010, 1, 517, 570, 418, 0, 0.04%, 0, 0, 9, 416.21, 1199625, 3399
3015, 1, 517, 570, 418, 0, 0.04%, 0, 0, 9, 416.71, 1201723, 3399
3020, 1, 362, 570, 418, 1, 0.04%, 0, 0, 9, 405.95, 1203789, 3399
3025, 1, 155, 570, 417, 1, 0.04%, 0, 0, 9, 404.03, 1205856, 3399
3030, 1, 548, 570, 417, 1, 0.04%, 0, 0, 9, 408.18, 1207939, 3399
3035, 1, 548, 570, 417, 1, 0.04%, 0, 0, 9, 411.07, 1210035, 3399
3041, 1, 548, 570, 417, 1, 0.04%, 0, 0, 9, 416.14, 1212135, 3399
3046, 1, 548, 570, 417, 1, 0.04%, 0, 0, 9, 415.27, 1214209, 3399
3051, 1, 362, 570, 417, 1, 0.04%, 0, 0, 9, 410.87, 1216257, 3399
3056, 1, 362, 570, 416, 0, 0.04%, 0, 0, 9, 405.01, 1218301, 3399
3061, 1, 566, 570, 416, 0, 0.04%, 0, 0, 9, 411.03, 1220373, 3399
3066, 1, 566, 570, 416, 0, 0.04%, 0, 0, 9, 417.08, 1222477, 3399
3071, 1, 362, 571, 417, 0, 0.04%, 0, 0, 9, 417.77, 1224566, 3399
3076, 1, 362, 571, 417, 0, 0.04%, 0, 0, 9, 420.86, 1226684, 3399
3081, 1, 362, 571, 417, 0, 0.04%, 0, 0, 9, 423.23, 1228804, 3399
3086, 1, 402, 572, 418, 0, 0.04%, 0, 0, 9, 417.36, 1230909, 3399
3091, 1, 402, 572, 418, 0, 0.04%, 0, 0, 9, 419.55, 1233021, 3399
3096, 1, 402, 572, 418, 0, 0.04%, 0, 0, 9, 419.10, 1235125, 3399
3101, 1, 402, 572, 418, 0, 0.04%, 0, 0, 9, 418.94, 1237295, 3399
3106, 1, 498, 572, 418, 0, 0.04%, 0, 0, 9, 415.35, 1239379, 3399
3111, 1, 362, 572, 418, 0, 0.04%, 0, 0, 9, 419.40, 1241508, 3399
3116, 1, 433, 572, 418, 0, 0.04%, 0, 0, 9, 420.97, 1243629, 3399
3121, 1, 362, 572, 418, 0, 0.04%, 0, 0, 9, 418.38, 1245743, 3399
3126, 1, 362, 572, 418, 0, 0.04%, 0, 0, 9, 419.40, 1247853, 3399
3131, 1, 362, 572, 418, 0, 0.04%, 0, 0, 9, 420.44, 1249973, 3399
3136, 1, 362, 572, 418, 0, 0.04%, 0, 0, 9, 423.10, 1252091, 3399
3141, 1, 362, 572, 418, 0, 0.04%, 0, 0, 9, 419.21, 1254195, 3399
3146, 1, 362, 572, 418, 0, 0.04%, 0, 0, 9, 421.20, 1256315, 3399
3151, 1, 362, 572, 418, 0, 0.04%, 0, 0, 9, 421.11, 1258438, 3399
3156, 1, 362, 572, 418, 0, 0.04%, 0, 0, 9, 415.09, 1260532, 3399
3161, 1, 362, 572, 418, 0, 0.04%, 0, 0, 9, 398.80, 1262518, 3399
3166, 1, 362, 572, 418, 0, 0.04%, 0, 0, 9, 415.40, 1264626, 3399
3172, 1, 498, 572, 418, 0, 0.04%, 0, 0, 9, 420.52, 1266756, 3399
3177, 1, 498, 572, 418, 0, 0.04%, 0, 0, 9, 418.58, 1268877, 3399
3182, 1, 362, 572, 418, 0, 0.04%, 0, 0, 9, 419.11, 1270984, 3399
3187, 1, 362, 572, 418, 0, 0.04%, 0, 0, 9, 420.73, 1273102, 3399
3192, 1, 362, 572, 418, 0, 0.04%, 0, 0, 9, 423.71, 1275222, 3399
3197, 1, 362, 572, 418, 0, 0.04%, 0, 0, 9, 417.75, 1277337, 3399
3202, 1, 548, 573, 419, 0, 0.04%, 0, 0, 9, 417.73, 1279444, 3400
3207, 1, 548, 574, 420, 0, 0.04%, 0, 0, 9, 418.73, 1281547, 3400
3212, 1, 548, 575, 421, 0, 0.04%, 0, 0, 9, 419.43, 1283658, 3400
3217, 1, 548, 576, 422, 0, 0.04%, 0, 0, 9, 417.86, 1285769, 3400
3222, 1, 548, 576, 422, 0, 0.04%, 0, 0, 9, 404.92, 1287833, 3400
3227, 1, 548, 576, 422, 0, 0.04%, 0, 0, 9, 416.63, 1289937, 3400
3232, 1, 548, 576, 422, 0, 0.04%, 0, 0, 9, 415.55, 1292049, 3400
3237, 1, 548, 577, 423, 0, 0.04%, 0, 0, 9, 415.87, 1294152, 3401
3242, 1, 548, 577, 423, 0, 0.04%, 0, 0, 9, 418.01, 1296256, 3401
3247, 1, 548, 577, 423, 0, 0.04%, 0, 0, 9, 417.79, 1298354, 3401
3252, 1, 548, 577, 423, 0, 0.04%, 0, 0, 9, 415.89, 1300444, 3401
3257, 1, 576, 577, 423, 2, 0.04%, 0, 0, 9, 413.91, 1302543, 3401
3262, 1, 576, 577, 423, 2, 0.04%, 0, 0, 9, 415.57, 1304655, 3401
3267, 1, 110, 577, 422, 1, 0.04%, 0, 0, 9, 418.37, 1306764, 3401
3272, 1, 572, 577, 422, 1, 0.04%, 0, 0, 9, 417.09, 1308847, 3401
3277, 1, 566, 577, 421, 0, 0.04%, 0, 0, 9, 416.33, 1310943, 3401
3283, 1, 362, 578, 422, 0, 0.04%, 0, 0, 9, 414.67, 1313047, 3401
3288, 1, 362, 578, 422, 0, 0.04%, 0, 0, 9, 417.67, 1315226, 3401
3293, 1, 220, 578, 422, 0, 0.04%, 0, 0, 9, 418.17, 1317346, 3401
3298, 1, 220, 580, 424, 0, 0.04%, 0, 0, 9, 414.13, 1319437, 3401
3303, 1, 362, 580, 424, 1, 0.04%, 0, 0, 9, 414.27, 1321523, 3401
3308, 1, 579, 580, 424, 1, 0.04%, 0, 0, 9, 408.92, 1323591, 3401
3313, 1, 576, 580, 423, 0, 0.04%, 0, 0, 9, 410.92, 1325671, 3401
3318, 1, 576, 580, 423, 0, 0.04%, 0, 0, 9, 418.76, 1327804, 3401
3323, 1, 551, 580, 423, 0, 0.04%, 0, 0, 9, 416.93, 1329917, 3401
3328, 1, 362, 581, 424, 0, 0.04%, 0, 0, 9, 416.77, 1332022, 3401
3333, 1, 544, 581, 424, 0, 0.04%, 0, 0, 9, 415.57, 1334121, 3401
3338, 1, 362, 581, 424, 0, 0.04%, 0, 0, 9, 421.08, 1336255, 3401
3343, 1, 362, 581, 424, 0, 0.04%, 0, 0, 9, 408.79, 1338325, 3401
3348, 1, 362, 581, 424, 0, 0.04%, 0, 0, 9, 418.99, 1340437, 3401
3353, 1, 146, 581, 424, 0, 0.04%, 0, 0, 9, 419.43, 1342545, 3401
3358, 1, 110, 581, 423, 0, 0.04%, 0, 0, 9, 417.56, 1344644, 3401
3363, 1, 362, 581, 423, 0, 0.04%, 0, 0, 9, 417.95, 1346728, 3401
3368, 1, 390, 581, 423, 0, 0.04%, 0, 0, 9, 419.60, 1348836, 3401
3374, 1, 390, 581, 423, 0, 0.04%, 0, 0, 9, 420.40, 1351022, 3401
3379, 1, 390, 581, 423, 0, 0.04%, 0, 0, 9, 414.54, 1353104, 3401
3384, 1, 362, 581, 423, 0, 0.04%, 0, 0, 9, 420.34, 1355208, 3401
3389, 1, 362, 581, 423, 0, 0.04%, 0, 0, 9, 417.98, 1357307, 3401
3394, 1, 362, 581, 423, 0, 0.04%, 0, 0, 9, 422.83, 1359427, 3401
3399, 1, 362, 581, 423, 0, 0.04%, 0, 0, 9, 417.09, 1361534, 3401
3404, 1, 362, 581, 423, 0, 0.04%, 0, 0, 9, 411.77, 1363622, 3401
3409, 1, 435, 581, 423, 0, 0.04%, 0, 0, 9, 418.60, 1365751, 3401
3414, 1, 502, 581, 423, 0, 0.04%, 0, 0, 9, 420.16, 1367869, 3401
3419, 1, 203, 581, 423, 0, 0.04%, 0, 0, 9, 415.38, 1369954, 3401
3424, 1, 203, 583, 425, 0, 0.04%, 0, 0, 9, 411.15, 1372015, 3401
3429, 1, 362, 583, 425, 0, 0.04%, 0, 0, 9, 417.50, 1374091, 3401
3434, 1, 362, 583, 425, 0, 0.04%, 0, 0, 9, 419.75, 1376211, 3401
3439, 1, 155, 584, 426, 0, 0.04%, 0, 0, 9, 417.01, 1378380, 3401
3444, 1, 362, 584, 426, 0, 0.04%, 0, 0, 9, 420.73, 1380492, 3401
3449, 1, 476, 584, 426, 0, 0.04%, 0, 0, 9, 424.38, 1382692, 3401
3454, 1, 482, 584, 426, 0, 0.04%, 0, 0, 9, 418.65, 1384801, 3401
3460, 1, 380, 584, 426, 0, 0.04%, 0, 0, 9, 420.61, 1386936, 3401
3465, 1, 435, 584, 426, 0, 0.04%, 0, 0, 9, 415.16, 1389015, 3401
3470, 1, 334, 584, 426, 0, 0.04%, 0, 0, 9, 418.73, 1391137, 3401
3475, 1, 362, 585, 427, 0, 0.04%, 0, 0, 9, 420.04, 1393316, 3401
3480, 1, 420, 585, 427, 0, 0.04%, 0, 0, 9, 422.68, 1395434, 3401
3485, 1, 362, 585, 427, 0, 0.04%, 0, 0, 9, 421.82, 1397610, 3401
3490, 1, 362, 585, 427, 0, 0.04%, 0, 0, 9, 416.84, 1399720, 3401
3495, 1, 199, 585, 427, 0, 0.04%, 0, 0, 9, 415.88, 1401837, 3401
3500, 1, 362, 585, 427, 0, 0.04%, 0, 0, 9, 412.01, 1403905, 3401
3505, 1, 544, 585, 427, 0, 0.04%, 0, 0, 9, 417.59, 1406008, 3401
3510, 1, 57, 585, 427, 0, 0.04%, 0, 0, 9, 415.97, 1408128, 3401
3515, 1, 566, 585, 427, 0, 0.04%, 0, 0, 9, 417.21, 1410255, 3401
3520, 1, 362, 586, 428, 0, 0.04%, 0, 0, 9, 416.59, 1412340, 3401
3525, 1, 145, 586, 428, 0, 0.04%, 0, 0, 9, 416.10, 1414428, 3401
3531, 1, 174, 586, 428, 0, 0.04%, 0, 0, 9, 419.25, 1416535, 3401
3536, 1, 174, 586, 428, 0, 0.04%, 0, 0, 9, 417.46, 1418702, 3401
3541, 1, 576, 587, 429, 0, 0.04%, 0, 0, 9, 419.87, 1420816, 3401
3546, 1, 145, 587, 429, 0, 0.04%, 0, 0, 9, 417.96, 1422926, 3401
3551, 1, 362, 587, 429, 0, 0.04%, 0, 0, 9, 420.72, 1425038, 3401
3556, 1, 435, 587, 429, 0, 0.04%, 0, 0, 9, 420.87, 1427161, 3401
3561, 1, 362, 587, 429, 0, 0.04%, 0, 0, 9, 421.66, 1429289, 3401
3566, 1, 576, 587, 429, 0, 0.04%, 0, 0, 9, 419.02, 1431407, 3401
3571, 1, 304, 587, 429, 0, 0.04%, 0, 0, 9, 416.72, 1433536, 3401
3576, 1, 304, 587, 429, 0, 0.04%, 0, 0, 9, 417.53, 1435665, 3401
3581, 1, 362, 587, 429, 0, 0.04%, 0, 0, 9, 413.70, 1437766, 3401
3586, 1, 362, 587, 429, 0, 0.04%, 0, 0, 9, 415.28, 1439836, 3401
3591, 1, 414, 587, 429, 0, 0.04%, 0, 0, 9, 419.35, 1441959, 3401
3596, 1, 87, 587, 429, 0, 0.04%, 0, 0, 9, 420.77, 1444093, 3401
3601, 1, 362, 587, 429, 0, 0.04%, 0, 0, 9, 417.88, 1446192, 3401
3607, 1, 362, 587, 429, 0, 0.04%, 0, 0, 9, 416.49, 1448304, 3401
3612, 1, 106, 587, 429, 0, 0.04%, 0, 0, 9, 419.49, 1450420, 3401
3617, 1, 106, 587, 429, 0, 0.04%, 0, 0, 9, 414.14, 1452515, 3401
3622, 1, 362, 587, 429, 0, 0.04%, 0, 0, 9, 416.28, 1454666, 3401
3627, 1, 362, 587, 429, 0, 0.04%, 0, 0, 9, 418.77, 1456778, 3401
3632, 1, 23, 587, 429, 0, 0.04%, 0, 0, 9, 421.79, 1458970, 3401
3637, 1, 362, 587, 428, 0, 0.04%, 0, 0, 9, 413.59, 1461027, 3401
3642, 1, 362, 587, 428, 0, 0.04%, 0, 0, 9, 412.54, 1463134, 3401
3647, 1, 87, 587, 428, 0, 0.04%, 0, 0, 9, 414.57, 1465234, 3401
3652, 1, 362, 587, 428, 0, 0.04%, 0, 0, 9, 417.00, 1467348, 3401
3657, 1, 362, 587, 428, 0, 0.04%, 0, 0, 9, 417.51, 1469463, 3401
3662, 1, 362, 587, 428, 0, 0.04%, 0, 0, 9, 420.11, 1471581, 3401
3667, 1, 362, 587, 428, 0, 0.04%, 0, 0, 9, 418.79, 1473682, 3401
3672, 1, 362, 587, 428, 0, 0.04%, 0, 0, 9, 417.41, 1475800, 3401
3677, 1, 362, 587, 428, 0, 0.04%, 0, 0, 9, 418.87, 1477904, 3401
3683, 1, 498, 587, 428, 0, 0.04%, 0, 0, 9, 420.19, 1480021, 3401
3688, 1, 544, 587, 428, 0, 0.04%, 0, 0, 9, 419.29, 1482144, 3401
3693, 1, 362, 588, 429, 0, 0.04%, 0, 0, 9, 415.33, 1484227, 3401
3698, 2, 362, 588, 429, 0, 0.04%, 0, 0, 9, 420.75, 1486345, 3401
3703, 2, 327, 588, 429, 0, 0.04%, 0, 0, 9, 411.34, 1488418, 3401
3708, 2, 362, 588, 429, 0, 0.04%, 0, 0, 9, 416.81, 1490543, 3401
3713, 2, 544, 588, 429, 0, 0.04%, 0, 0, 9, 409.01, 1492594, 3401
3718, 2, 544, 589, 430, 0, 0.04%, 0, 0, 9, 413.48, 1494719, 3401
3723, 2, 544, 589, 430, 0, 0.04%, 0, 0, 9, 418.79, 1496834, 3401
3728, 2, 155, 590, 431, 0, 0.04%, 0, 0, 9, 413.93, 1498919, 3401
3733, 2, 433, 590, 431, 0, 0.04%, 0, 0, 9, 416.97, 1501085, 3401
3738, 2, 551, 590, 431, 0, 0.04%, 0, 0, 9, 419.24, 1503214, 3401
3743, 2, 362, 590, 431, 0, 0.04%, 0, 0, 9, 407.64, 1505241, 3401
3748, 2, 357, 590, 431, 0, 0.04%, 0, 0, 9, 404.65, 1507270, 3401
3753, 2, 325, 590, 431, 0, 0.04%, 0, 0, 9, 409.52, 1509324, 3401
3759, 2, 362, 591, 432, 0, 0.04%, 0, 0, 9, 412.00, 1511470, 3401
3764, 2, 498, 591, 432, 0, 0.04%, 0, 0, 9, 407.40, 1513540, 3401
3769, 2, 362, 591, 432, 0, 0.04%, 0, 0, 9, 393.43, 1515517, 3401
3774, 2, 362, 591, 432, 0, 0.04%, 0, 0, 9, 407.68, 1517626, 3401
3779, 2, 145, 591, 432, 0, 0.04%, 0, 0, 9, 419.65, 1519747, 3401
3784, 2, 362, 591, 432, 0, 0.04%, 0, 0, 9, 414.33, 1521851, 3401
3789, 2, 498, 591, 432, 0, 0.04%, 0, 0, 9, 417.40, 1523955, 3401
3794, 2, 269, 591, 432, 0, 0.04%, 0, 0, 9, 415.49, 1526062, 3401
3799, 2, 362, 591, 432, 0, 0.04%, 0, 0, 9, 418.94, 1528191, 3401
3804, 2, 362, 591, 432, 0, 0.04%, 0, 0, 9, 414.45, 1530282, 3401
3809, 2, 362, 591, 432, 0, 0.04%, 0, 0, 9, 415.44, 1532394, 3401
3814, 2, 498, 591, 432, 0, 0.04%, 0, 0, 9, 419.56, 1534494, 3401
3819, 2, 482, 591, 432, 0, 0.04%, 0, 0, 9, 417.89, 1536621, 3401
3824, 2, 393, 591, 432, 0, 0.04%, 0, 0, 9, 411.94, 1538685, 3401
3829, 2, 362, 591, 432, 0, 0.04%, 0, 0, 9, 419.28, 1540807, 3401
3835, 2, 362, 591, 432, 0, 0.04%, 0, 0, 9, 423.45, 1543015, 3401
3840, 2, 362, 591, 432, 0, 0.04%, 0, 0, 9, 418.35, 1545119, 3401
3845, 2, 362, 591, 432, 0, 0.04%, 0, 0, 9, 421.23, 1547237, 3401
3850, 2, 295, 591, 432, 0, 0.04%, 0, 0, 9, 417.68, 1549348, 3401
3855, 2, 482, 591, 432, 0, 0.04%, 0, 0, 9, 415.58, 1551462, 3401
3860, 2, 109, 592, 433, 0, 0.04%, 0, 0, 9, 400.93, 1553510, 3401
3865, 2, 109, 594, 435, 0, 0.04%, 0, 0, 9, 406.28, 1555572, 3401
3870, 2, 109, 596, 437, 0, 0.04%, 0, 0, 9, 409.27, 1557658, 3401
3875, 2, 109, 597, 438, 0, 0.04%, 0, 0, 9, 405.59, 1559713, 3401
3880, 2, 109, 597, 438, 0, 0.04%, 0, 0, 9, 408.99, 1561817, 3401
3886, 2, 109, 597, 438, 0, 0.04%, 0, 0, 9, 403.33, 1563881, 3401
3891, 2, 109, 597, 438, 0, 0.04%, 0, 0, 9, 410.07, 1565985, 3401
3896, 2, 109, 597, 438, 0, 0.04%, 0, 0, 9, 407.05, 1568065, 3401
3901, 2, 109, 599, 440, 0, 0.04%, 0, 0, 9, 406.92, 1570159, 3401
3906, 2, 109, 599, 440, 0, 0.04%, 0, 0, 9, 412.35, 1572277, 3401
3911, 2, 362, 600, 441, 0, 0.04%, 0, 0, 9, 404.76, 1574334, 3401
3916, 2, 145, 600, 441, 0, 0.04%, 0, 0, 9, 416.58, 1576447, 3401
3921, 2, 482, 600, 441, 0, 0.04%, 0, 0, 9, 419.65, 1578564, 3401
3926, 2, 438, 600, 441, 0, 0.04%, 0, 0, 9, 416.72, 1580639, 3401
3931, 2, 362, 600, 441, 0, 0.04%, 0, 0, 9, 415.48, 1582738, 3401
3936, 2, 362, 600, 441, 0, 0.04%, 0, 0, 9, 420.79, 1584856, 3401
3941, 2, 482, 600, 441, 0, 0.04%, 0, 0, 9, 407.17, 1586936, 3401
3946, 2, 362, 601, 442, 0, 0.04%, 0, 0, 9, 417.87, 1589049, 3401
3952, 2, 498, 601, 442, 0, 0.04%, 0, 0, 9, 416.63, 1591157, 3401
3957, 2, 362, 601, 442, 0, 0.04%, 0, 0, 9, 419.90, 1593276, 3401
3962, 2, 362, 601, 442, 0, 0.04%, 0, 0, 9, 421.81, 1595394, 3401
3967, 2, 362, 601, 442, 0, 0.04%, 0, 0, 9, 417.09, 1597490, 3401
3972, 2, 498, 601, 441, 0, 0.04%, 0, 0, 9, 413.78, 1599563, 3401
3977, 2, 362, 601, 441, 0, 0.04%, 0, 0, 9, 418.16, 1601676, 3401
3982, 2, 362, 601, 440, 0, 0.04%, 0, 0, 9, 412.06, 1603777, 3401
3987, 2, 362, 601, 440, 0, 0.04%, 0, 0, 9, 415.67, 1605897, 3401
3992, 2, 498, 601, 440, 0, 0.04%, 0, 0, 9, 420.64, 1608018, 3401
3997, 2, 155, 601, 440, 0, 0.04%, 0, 0, 9, 416.93, 1610122, 3401
4002, 2, 362, 601, 440, 0, 0.04%, 0, 0, 9, 402.76, 1612176, 3401
4007, 2, 362, 601, 440, 0, 0.04%, 0, 0, 9, 405.08, 1614278, 3401
4012, 2, 362, 601, 440, 0, 0.04%, 0, 0, 9, 407.74, 1616358, 3401
4018, 2, 150, 601, 440, 0, 0.04%, 0, 0, 9, 406.86, 1618483, 3401
4023, 2, 498, 601, 439, 0, 0.04%, 0, 0, 9, 403.93, 1620524, 3401
4028, 2, 362, 601, 439, 0, 0.04%, 0, 0, 9, 408.92, 1622588, 3401
4033, 2, 544, 601, 439, 0, 0.04%, 0, 0, 9, 407.81, 1624649, 3401
4038, 2, 362, 601, 439, 0, 0.04%, 0, 0, 9, 412.36, 1626739, 3401
4043, 2, 362, 601, 439, 0, 0.04%, 0, 0, 9, 403.45, 1628825, 3401
4048, 2, 362, 602, 440, 0, 0.04%, 0, 0, 9, 416.40, 1630942, 3401
4053, 2, 435, 602, 440, 0, 0.04%, 0, 0, 9, 415.18, 1633047, 3401
4058, 2, 362, 602, 440, 0, 0.04%, 0, 0, 9, 419.67, 1635172, 3401
4063, 2, 566, 603, 441, 0, 0.04%, 0, 0, 9, 408.53, 1637239, 3401
4068, 2, 104, 603, 441, 0, 0.04%, 0, 0, 9, 410.95, 1639319, 3401
4073, 2, 362, 603, 440, 0, 0.04%, 0, 0, 9, 420.51, 1641438, 3401
4078, 2, 435, 603, 440, 0, 0.04%, 0, 0, 9, 418.07, 1643556, 3401
4083, 2, 362, 603, 440, 0, 0.04%, 0, 0, 9, 419.86, 1645687, 3401
4088, 2, 362, 603, 440, 0, 0.04%, 0, 0, 9, 419.62, 1647799, 3401
4094, 2, 362, 604, 441, 0, 0.04%, 0, 0, 9, 420.87, 1649989, 3401
4099, 2, 362, 604, 441, 0, 0.04%, 0, 0, 9, 418.84, 1652101, 3401
4104, 2, 362, 604, 441, 0, 0.04%, 0, 0, 9, 421.67, 1654216, 3401
4109, 2, 362, 604, 441, 0, 0.04%, 0, 0, 9, 421.28, 1656334, 3401
4114, 2, 362, 604, 441, 0, 0.04%, 0, 0, 9, 421.26, 1658454, 3401
4119, 2, 576, 605, 442, 0, 0.04%, 0, 0, 9, 418.42, 1660572, 3401
4124, 2, 362, 605, 442, 0, 0.04%, 0, 0, 9, 409.86, 1662620, 3401
4129, 2, 482, 605, 442, 0, 0.04%, 0, 0, 9, 420.54, 1664820, 3401
4134, 2, 362, 605, 442, 0, 0.04%, 0, 0, 9, 418.15, 1666925, 3401
4139, 2, 473, 606, 443, 0, 0.04%, 0, 0, 9, 418.02, 1669028, 3401
4144, 2, 362, 606, 442, 0, 0.04%, 0, 0, 9, 416.76, 1671112, 3401
4149, 2, 435, 606, 442, 0, 0.04%, 0, 0, 9, 419.27, 1673311, 3401
4154, 2, 362, 606, 442, 0, 0.04%, 0, 0, 9, 420.32, 1675425, 3401
4160, 2, 362, 606, 442, 0, 0.04%, 0, 0, 9, 420.18, 1677548, 3401
4165, 2, 336, 606, 442, 0, 0.04%, 0, 0, 9, 422.69, 1679673, 3401
4170, 2, 435, 606, 442, 0, 0.04%, 0, 0, 9, 419.96, 1681784, 3401
4175, 2, 362, 606, 442, 0, 0.04%, 0, 0, 9, 423.05, 1683906, 3401
4180, 2, 362, 606, 442, 0, 0.04%, 0, 0, 9, 420.81, 1686016, 3401
4185, 2, 362, 606, 442, 0, 0.04%, 0, 0, 9, 416.35, 1688107, 3401
4190, 2, 362, 606, 442, 0, 0.04%, 0, 0, 9, 414.43, 1690198, 3401
4195, 2, 87, 606, 442, 0, 0.04%, 0, 0, 9, 420.89, 1692318, 3401
4200, 2, 362, 607, 443, 0, 0.04%, 0, 0, 9, 421.30, 1694428, 3401
4205, 2, 30, 607, 443, 0, 0.04%, 0, 0, 9, 418.99, 1696620, 3401
4210, 2, 155, 607, 442, 0, 0.04%, 0, 0, 9, 413.87, 1698708, 3401
4215, 2, 468, 607, 442, 0, 0.04%, 0, 0, 9, 419.30, 1700818, 3401
4220, 2, 468, 607, 442, 0, 0.04%, 0, 0, 9, 422.26, 1702930, 3401
4225, 2, 468, 607, 442, 0, 0.04%, 0, 0, 9, 419.22, 1705030, 3401
4230, 2, 468, 607, 442, 0, 0.04%, 0, 0, 9, 421.11, 1707214, 3401
4235, 2, 327, 607, 442, 0, 0.04%, 0, 0, 9, 422.08, 1709341, 3401
4240, 2, 362, 607, 442, 0, 0.04%, 0, 0, 9, 422.47, 1711464, 3401
4245, 2, 393, 607, 442, 0, 0.04%, 0, 0, 9, 412.66, 1713536, 3401
4251, 2, 362, 607, 442, 0, 0.04%, 0, 0, 9, 412.35, 1715633, 3401
4256, 2, 247, 607, 442, 0, 0.04%, 0, 0, 9, 411.89, 1717708, 3401
4261, 2, 247, 607, 442, 0, 0.04%, 0, 0, 9, 414.27, 1719788, 3401
4266, 2, 362, 607, 442, 0, 0.04%, 0, 0, 9, 420.33, 1721903, 3401
4271, 2, 362, 607, 442, 0, 0.04%, 0, 0, 9, 415.43, 1723989, 3401
4276, 2, 362, 607, 442, 0, 0.04%, 0, 0, 9, 414.82, 1726133, 3401
4281, 2, 566, 607, 442, 0, 0.04%, 0, 0, 9, 402.87, 1728221, 3401
4286, 2, 362, 607, 442, 0, 0.04%, 0, 0, 9, 408.90, 1730294, 3401
4291, 2, 362, 607, 442, 0, 0.04%, 0, 0, 9, 411.94, 1732374, 3401
4296, 2, 87, 607, 442, 0, 0.04%, 0, 0, 9, 407.05, 1734439, 3401
4301, 2, 87, 607, 442, 0, 0.04%, 0, 0, 9, 389.72, 1736390, 3401
4306, 2, 314, 607, 442, 0, 0.04%, 0, 0, 9, 398.34, 1738405, 3401
4311, 2, 362, 607, 441, 0, 0.04%, 0, 0, 9, 397.24, 1740377, 3401
4316, 2, 435, 607, 441, 0, 0.04%, 0, 0, 9, 414.19, 1742493, 3401
4321, 2, 128, 607, 441, 0, 0.04%, 0, 0, 9, 413.55, 1744605, 3401
4326, 2, 37, 607, 440, 0, 0.04%, 0, 0, 9, 416.19, 1746686, 3401
4332, 2, 362, 607, 439, 0, 0.04%, 0, 0, 9, 418.42, 1748808, 3401
4337, 2, 498, 607, 439, 0, 0.04%, 0, 0, 9, 417.98, 1750933, 3401
4342, 2, 362, 607, 439, 0, 0.04%, 0, 0, 9, 421.46, 1753057, 3401
4347, 2, 435, 607, 439, 0, 0.04%, 0, 0, 9, 421.56, 1755185, 3401
4352, 2, 362, 607, 439, 0, 0.04%, 0, 0, 9, 422.57, 1757308, 3401
4357, 2, 261, 607, 439, 0, 0.04%, 0, 0, 9, 412.63, 1759375, 3401
4362, 2, 482, 607, 438, 0, 0.04%, 0, 0, 9, 397.45, 1761397, 3401
4367, 2, 184, 607, 438, 0, 0.04%, 0, 0, 9, 414.85, 1763492, 3401
4372, 2, 184, 607, 438, 0, 0.04%, 0, 0, 9, 415.05, 1765603, 3401
4377, 2, 362, 607, 438, 0, 0.04%, 0, 0, 9, 419.29, 1767709, 3401
4382, 2, 481, 607, 438, 0, 0.04%, 0, 0, 9, 421.13, 1769827, 3401
4387, 2, 481, 607, 438, 0, 0.04%, 0, 0, 9, 422.22, 1771962, 3401
4392, 2, 482, 608, 439, 0, 0.04%, 0, 0, 9, 417.20, 1774072, 3401
4397, 2, 362, 608, 439, 0, 0.04%, 0, 0, 9, 421.62, 1776180, 3401
4402, 2, 362, 608, 439, 0, 0.04%, 0, 0, 9, 422.92, 1778298, 3401
4407, 2, 362, 608, 439, 0, 0.04%, 0, 0, 9, 421.88, 1780418, 3401
4412, 2, 362, 608, 439, 0, 0.04%, 0, 0, 9, 419.60, 1782530, 3401
4417, 2, 482, 608, 439, 0, 0.04%, 0, 0, 9, 421.42, 1784653, 3401
4422, 2, 362, 608, 439, 0, 0.04%, 0, 0, 9, 411.46, 1786747, 3401
4427, 2, 393, 608, 439, 0, 0.04%, 0, 0, 9, 415.25, 1788856, 3401
4432, 2, 491, 608, 439, 0, 0.04%, 0, 0, 9, 418.96, 1790978, 3401
4437, 2, 491, 610, 441, 0, 0.04%, 0, 0, 9, 413.69, 1793072, 3401
4443, 2, 491, 610, 441, 0, 0.04%, 0, 0, 9, 418.30, 1795184, 3401
4448, 2, 491, 610, 441, 0, 0.04%, 0, 0, 9, 414.37, 1797296, 3401
4453, 2, 491, 611, 442, 0, 0.04%, 0, 0, 9, 413.69, 1799375, 3401
4458, 2, 491, 611, 442, 0, 0.04%, 0, 0, 9, 415.60, 1801479, 3401
4463, 2, 491, 611, 442, 0, 0.04%, 0, 0, 9, 414.47, 1803583, 3401
4468, 2, 491, 611, 442, 0, 0.04%, 0, 0, 9, 416.91, 1805695, 3401
4473, 2, 491, 611, 442, 0, 0.04%, 0, 0, 9, 416.95, 1807807, 3401
4478, 2, 491, 611, 442, 0, 0.04%, 0, 0, 9, 417.77, 1809913, 3401
4483, 2, 491, 611, 442, 0, 0.04%, 0, 0, 9, 402.95, 1811955, 3401
4488, 2, 498, 611, 442, 1, 0.04%, 0, 0, 9, 411.09, 1814029, 3401
4493, 2, 87, 611, 442, 1, 0.04%, 0, 0, 9, 418.33, 1816150, 3401
4498, 2, 610, 614, 445, 1, 0.04%, 0, 0, 9, 411.49, 1818221, 3402
4503, 2, 610, 617, 448, 1, 0.04%, 0, 0, 9, 411.56, 1820298, 3402
4508, 2, 610, 619, 450, 1, 0.04%, 0, 0, 9, 405.29, 1822344, 3402
4513, 2, 610, 619, 450, 1, 0.04%, 0, 0, 9, 414.81, 1824456, 3402
4518, 2, 610, 621, 452, 1, 0.04%, 0, 0, 9, 412.18, 1826550, 3402
4523, 2, 610, 621, 452, 1, 0.04%, 0, 0, 9, 415.63, 1828662, 3402
4529, 2, 610, 624, 455, 1, 0.04%, 0, 0, 9, 415.05, 1830779, 3402
4534, 2, 610, 624, 455, 1, 0.04%, 0, 0, 9, 417.90, 1832891, 3402
4539, 2, 610, 624, 455, 1, 0.04%, 0, 0, 9, 412.82, 1834995, 3402
4544, 2, 610, 624, 455, 1, 0.04%, 0, 0, 9, 409.59, 1837091, 3402
4549, 2, 610, 624, 455, 1, 0.04%, 0, 0, 9, 413.11, 1839187, 3402
4554, 2, 610, 624, 455, 1, 0.04%, 0, 0, 9, 411.42, 1841275, 3402
4559, 2, 610, 624, 455, 1, 0.04%, 0, 0, 9, 413.52, 1843387, 3402
4564, 2, 610, 624, 455, 1, 0.04%, 0, 0, 9, 416.90, 1845499, 3402
4569, 2, 610, 624, 455, 1, 0.04%, 0, 0, 9, 416.97, 1847603, 3402
4574, 2, 610, 624, 455, 1, 0.04%, 0, 0, 9, 413.84, 1849707, 3402
4579, 2, 610, 624, 455, 1, 0.04%, 0, 0, 9, 417.51, 1851811, 3402
4584, 2, 362, 624, 454, 2, 0.04%, 0, 0, 9, 416.36, 1853924, 3402
4590, 2, 362, 624, 454, 2, 0.04%, 0, 0, 9, 421.94, 1856130, 3402
4595, 2, 613, 624, 453, 2, 0.04%, 0, 0, 9, 414.07, 1858212, 3402
4600, 2, 613, 624, 453, 2, 0.04%, 0, 0, 9, 416.97, 1860324, 3402
4605, 2, 362, 624, 452, 1, 0.04%, 0, 0, 9, 414.85, 1862384, 3402
4610, 2, 612, 624, 452, 1, 0.04%, 0, 0, 9, 413.53, 1864483, 3402
4615, 2, 362, 624, 451, 0, 0.04%, 0, 0, 9, 408.01, 1866544, 3402
4620, 2, 362, 624, 451, 0, 0.04%, 0, 0, 9, 401.61, 1868568, 3402
4625, 2, 362, 624, 451, 0, 0.04%, 0, 0, 9, 411.18, 1870659, 3402
4630, 2, 508, 624, 451, 0, 0.04%, 0, 0, 9, 405.66, 1872741, 3402
4635, 2, 508, 624, 451, 0, 0.04%, 0, 0, 9, 402.52, 1874813, 3402
4640, 2, 508, 624, 451, 0, 0.04%, 0, 0, 9, 411.18, 1876895, 3402
4645, 2, 303, 624, 451, 0, 0.04%, 0, 0, 9, 410.65, 1878983, 3402
4651, 2, 303, 625, 452, 0, 0.04%, 0, 0, 9, 412.17, 1881053, 3402
4656, 2, 179, 627, 454, 0, 0.04%, 0, 0, 9, 404.54, 1883099, 3402
4661, 2, 179, 627, 454, 0, 0.04%, 0, 0, 9, 409.35, 1885211, 3402
4666, 2, 179, 629, 456, 0, 0.04%, 0, 0, 9, 404.71, 1887231, 3402
4671, 2, 362, 630, 457, 0, 0.04%, 0, 0, 9, 413.19, 1889322, 3402
4676, 2, 362, 630, 457, 0, 0.04%, 0, 0, 9, 406.43, 1891352, 3402
4681, 2, 362, 630, 457, 0, 0.04%, 0, 0, 9, 417.54, 1893464, 3402
4686, 2, 362, 631, 458, 0, 0.04%, 0, 0, 9, 395.64, 1895445, 3402
4691, 2, 362, 631, 458, 0, 0.04%, 0, 0, 9, 414.47, 1897535, 3402
4696, 2, 337, 631, 458, 0, 0.04%, 0, 0, 9, 420.01, 1899647, 3402
4701, 2, 362, 631, 458, 0, 0.04%, 0, 0, 9, 423.22, 1901856, 3402
4706, 2, 362, 631, 458, 0, 0.04%, 0, 0, 9, 420.77, 1903979, 3402
4711, 2, 199, 632, 459, 0, 0.04%, 0, 0, 9, 413.37, 1906068, 3402
4716, 2, 199, 632, 459, 0, 0.04%, 0, 0, 9, 413.34, 1908172, 3402
4721, 2, 362, 632, 459, 0, 0.04%, 0, 0, 9, 388.25, 1910167, 3402
4726, 2, 28, 632, 459, 0, 0.04%, 0, 0, 9, 373.29, 1912035, 3402
4732, 2, 576, 632, 458, 0, 0.04%, 0, 0, 9, 392.41, 1914073, 3402
4737, 2, 155, 632, 458, 0, 0.04%, 0, 0, 9, 402.69, 1916134, 3402
4742, 2, 498, 632, 458, 0, 0.04%, 0, 0, 9, 397.45, 1918156, 3402
4747, 2, 362, 632, 458, 0, 0.04%, 0, 0, 9, 412.07, 1920270, 3402
4752, 2, 362, 632, 458, 0, 0.04%, 0, 0, 9, 408.45, 1922327, 3402
4757, 2, 541, 632, 458, 0, 0.04%, 0, 0, 9, 397.72, 1924323, 3402
4762, 2, 362, 632, 457, 0, 0.04%, 0, 0, 9, 393.08, 1926273, 3402
4767, 2, 9, 632, 457, 0, 0.04%, 0, 0, 9, 397.33, 1928340, 3402
4772, 2, 362, 632, 456, 0, 0.04%, 0, 0, 9, 404.90, 1930387, 3402
4777, 2, 362, 632, 456, 0, 0.04%, 0, 0, 9, 392.99, 1932351, 3402
4782, 2, 362, 632, 456, 0, 0.04%, 0, 0, 9, 384.56, 1934305, 3402
4787, 2, 362, 632, 456, 0, 0.04%, 0, 0, 9, 399.93, 1936396, 3402
4793, 2, 362, 632, 456, 0, 0.04%, 0, 0, 9, 400.81, 1938442, 3402
4798, 2, 362, 632, 456, 0, 0.04%, 0, 0, 9, 389.19, 1940436, 3402
4803, 2, 362, 632, 456, 0, 0.04%, 0, 0, 9, 405.92, 1942475, 3402
4808, 2, 498, 632, 456, 0, 0.04%, 0, 0, 9, 417.66, 1944595, 3402
4813, 2, 184, 632, 456, 0, 0.04%, 0, 0, 9, 416.08, 1946724, 3402
4818, 2, 184, 632, 456, 0, 0.04%, 0, 0, 9, 416.67, 1948841, 3402
4823, 2, 498, 632, 456, 0, 0.04%, 0, 0, 9, 419.92, 1950962, 3402
4828, 2, 155, 637, 461, 0, 0.04%, 0, 0, 9, 410.60, 1953039, 3402
4833, 2, 155, 642, 466, 0, 0.04%, 0, 0, 9, 403.60, 1955066, 3402
4838, 2, 155, 644, 468, 0, 0.04%, 0, 0, 9, 405.44, 1957168, 3402
4843, 2, 155, 644, 468, 0, 0.04%, 0, 0, 9, 397.87, 1959180, 3402
4848, 2, 155, 644, 468, 0, 0.04%, 0, 0, 9, 402.91, 1961216, 3402
4854, 2, 155, 644, 468, 0, 0.04%, 0, 0, 9, 380.07, 1963149, 3402
4859, 2, 155, 644, 468, 0, 0.04%, 0, 0, 9, 389.85, 1965207, 3402
4864, 2, 155, 644, 468, 0, 0.04%, 0, 0, 9, 387.70, 1967216, 3402
4869, 2, 155, 644, 468, 0, 0.04%, 0, 0, 9, 360.06, 1969043, 3402
4874, 2, 362, 644, 468, 1, 0.04%, 0, 0, 9, 376.63, 1970945, 3402
4879, 2, 640, 644, 468, 1, 0.04%, 0, 0, 9, 384.92, 1972961, 3402
4884, 2, 362, 644, 467, 0, 0.04%, 0, 0, 9, 383.82, 1974873, 3402
4889, 2, 362, 644, 467, 0, 0.04%, 0, 0, 9, 381.35, 1976841, 3402
4895, 2, 576, 645, 468, 0, 0.04%, 0, 0, 9, 384.27, 1978791, 3403
4900, 2, 644, 645, 468, 1, 0.04%, 0, 0, 9, 375.75, 1980712, 3403
4905, 2, 644, 645, 468, 1, 0.04%, 0, 0, 9, 364.77, 1982614, 3403
4910, 2, 498, 645, 467, 0, 0.04%, 0, 0, 9, 387.24, 1984542, 3403
4915, 2, 362, 645, 467, 0, 0.04%, 0, 0, 9, 411.42, 1986645, 3403
4920, 2, 362, 645, 467, 0, 0.04%, 0, 0, 9, 420.46, 1988763, 3403
4925, 2, 498, 645, 467, 0, 0.04%, 0, 0, 9, 418.73, 1990875, 3403
4930, 2, 362, 645, 467, 0, 0.04%, 0, 0, 9, 419.33, 1993006, 3403
4935, 2, 482, 645, 467, 0, 0.04%, 0, 0, 9, 418.04, 1995121, 3403
4940, 2, 482, 645, 467, 0, 0.04%, 0, 0, 9, 419.75, 1997248, 3403
4945, 2, 362, 645, 467, 0, 0.04%, 0, 0, 9, 418.83, 1999362, 3403
4950, 2, 362, 645, 467, 0, 0.04%, 0, 0, 9, 421.16, 2001480, 3403
4955, 2, 362, 645, 467, 0, 0.04%, 0, 0, 9, 422.01, 2003600, 3403
4960, 2, 362, 645, 467, 0, 0.04%, 0, 0, 9, 418.58, 2005718, 3403
4965, 2, 362, 645, 467, 0, 0.04%, 0, 0, 9, 413.72, 2007774, 3403
4970, 2, 551, 645, 467, 0, 0.04%, 0, 0, 9, 418.03, 2009894, 3403
4976, 2, 74, 645, 467, 0, 0.04%, 0, 0, 9, 411.35, 2012047, 3403
4981, 2, 362, 645, 466, 0, 0.04%, 0, 0, 9, 415.75, 2014154, 3403
4986, 2, 362, 645, 466, 0, 0.04%, 0, 0, 9, 421.74, 2016272, 3403
4991, 2, 362, 645, 466, 0, 0.04%, 0, 0, 9, 421.86, 2018384, 3403
4996, 2, 433, 645, 466, 0, 0.04%, 0, 0, 9, 420.54, 2020511, 3403
5001, 2, 362, 645, 466, 0, 0.04%, 0, 0, 9, 404.73, 2022593, 3403
5006, 2, 199, 645, 466, 0, 0.04%, 0, 0, 9, 386.30, 2024499, 3403
5011, 2, 362, 645, 466, 0, 0.04%, 0, 0, 9, 348.06, 2026218, 3403
5016, 2, 247, 645, 466, 0, 0.04%, 0, 0, 9, 360.94, 2028117, 3403
5021, 2, 362, 645, 466, 0, 0.04%, 0, 0, 9, 366.37, 2029936, 3403
5026, 2, 482, 647, 468, 0, 0.04%, 0, 0, 9, 383.66, 2031893, 3403
5032, 2, 362, 647, 468, 0, 0.04%, 0, 0, 9, 401.78, 2033993, 3403
5037, 2, 482, 647, 468, 0, 0.04%, 0, 0, 9, 394.56, 2036041, 3403
5042, 2, 362, 647, 468, 0, 0.04%, 0, 0, 9, 401.41, 2038055, 3403
5047, 2, 557, 648, 469, 0, 0.04%, 0, 0, 9, 396.90, 2040074, 3403
5052, 2, 557, 649, 470, 0, 0.04%, 0, 0, 9, 399.87, 2042160, 3403
5057, 2, 557, 650, 471, 0, 0.04%, 0, 0, 9, 399.89, 2044169, 3406
5062, 2, 557, 650, 471, 0, 0.04%, 0, 0, 9, 403.97, 2046222, 3406
5067, 2, 557, 650, 471, 0, 0.04%, 0, 0, 9, 407.59, 2048278, 3406
5072, 2, 557, 650, 471, 0, 0.04%, 0, 0, 9, 402.82, 2050302, 3406
5077, 2, 557, 650, 471, 0, 0.04%, 0, 0, 9, 398.97, 2052289, 3406
5082, 2, 557, 650, 471, 0, 0.04%, 0, 0, 9, 393.88, 2054275, 3406
5087, 2, 647, 650, 471, 2, 0.04%, 0, 0, 9, 398.42, 2056361, 3406
5092, 2, 647, 650, 471, 2, 0.04%, 0, 0, 9, 399.20, 2058366, 3406
5098, 2, 354, 650, 470, 1, 0.04%, 0, 0, 9, 405.00, 2060466, 3406
5103, 2, 354, 651, 471, 1, 0.04%, 0, 0, 9, 401.74, 2062482, 3406
5108, 2, 549, 651, 471, 1, 0.04%, 0, 0, 9, 404.30, 2064522, 3406
5113, 2, 549, 651, 471, 1, 0.04%, 0, 0, 9, 396.62, 2066569, 3406
5118, 2, 549, 651, 471, 1, 0.04%, 0, 0, 9, 405.89, 2068692, 3406
5123, 2, 549, 652, 472, 1, 0.04%, 0, 0, 9, 409.55, 2070767, 3406
5128, 2, 362, 652, 472, 1, 0.04%, 0, 0, 9, 405.64, 2072821, 3406
5133, 2, 468, 652, 472, 1, 0.04%, 0, 0, 9, 407.11, 2074879, 3406
5138, 2, 468, 652, 472, 1, 0.04%, 0, 0, 9, 407.06, 2076941, 3406
5143, 2, 468, 652, 472, 1, 0.04%, 0, 0, 9, 403.88, 2078991, 3406
5149, 2, 362, 652, 472, 1, 0.04%, 0, 0, 9, 402.55, 2081069, 3406
5154, 2, 87, 652, 471, 0, 0.04%, 0, 0, 9, 400.56, 2083124, 3406
5159, 2, 362, 652, 471, 0, 0.04%, 0, 0, 9, 408.87, 2085191, 3406
5164, 2, 435, 652, 471, 0, 0.04%, 0, 0, 9, 406.12, 2087292, 3406
5169, 2, 362, 652, 471, 0, 0.04%, 0, 0, 9, 405.62, 2089397, 3406
5174, 2, 498, 652, 471, 0, 0.04%, 0, 0, 9, 402.92, 2091481, 3406
5179, 2, 362, 652, 471, 0, 0.04%, 0, 0, 9, 411.19, 2093574, 3406
5184, 2, 362, 652, 471, 0, 0.04%, 0, 0, 9, 402.62, 2095654, 3406
5190, 2, 362, 652, 471, 0, 0.04%, 0, 0, 9, 407.37, 2097732, 3406
5195, 2, 435, 652, 471, 0, 0.04%, 0, 0, 9, 406.17, 2099839, 3406
5200, 2, 362, 652, 471, 0, 0.04%, 0, 0, 9, 405.93, 2101898, 3406
5205, 2, 435, 652, 471, 0, 0.04%, 0, 0, 9, 399.92, 2103864, 3406
5210, 2, 362, 652, 471, 0, 0.04%, 0, 0, 9, 404.03, 2105913, 3406
5215, 2, 373, 652, 471, 0, 0.04%, 0, 0, 9, 410.36, 2108009, 3406
5220, 2, 647, 652, 471, 0, 0.04%, 0, 0, 9, 401.48, 2110102, 3406
5225, 2, 362, 652, 471, 0, 0.04%, 0, 0, 9, 405.38, 2112207, 3406
5230, 2, 362, 652, 470, 0, 0.04%, 0, 0, 9, 398.25, 2114232, 3406
5236, 2, 362, 652, 470, 0, 0.04%, 0, 0, 9, 409.96, 2116322, 3406
5241, 2, 362, 652, 470, 0, 0.04%, 0, 0, 9, 406.31, 2118418, 3406
5246, 2, 544, 652, 470, 0, 0.04%, 0, 0, 9, 395.74, 2120402, 3406
5251, 2, 544, 652, 470, 0, 0.04%, 0, 0, 9, 391.48, 2122426, 3406
5256, 2, 362, 652, 470, 0, 0.04%, 0, 0, 9, 398.72, 2124498, 3406
5261, 2, 458, 653, 471, 0, 0.04%, 0, 0, 9, 381.31, 2126496, 3406
5267, 2, 458, 653, 471, 0, 0.04%, 0, 0, 9, 405.72, 2128634, 3406
5272, 2, 458, 653, 471, 0, 0.04%, 0, 0, 9, 416.05, 2130802, 3406
5277, 2, 435, 653, 471, 0, 0.04%, 0, 0, 9, 415.14, 2132881, 3406
5282, 2, 362, 653, 471, 0, 0.04%, 0, 0, 9, 420.40, 2135010, 3406
5287, 2, 362, 653, 471, 0, 0.04%, 0, 0, 9, 421.08, 2137133, 3406
5292, 2, 362, 653, 471, 0, 0.04%, 0, 0, 9, 421.03, 2139333, 3406
5297, 2, 362, 653, 471, 0, 0.04%, 0, 0, 9, 420.44, 2141445, 3406
5302, 2, 362, 653, 471, 0, 0.04%, 0, 0, 9, 420.06, 2143563, 3406
5307, 2, 362, 653, 471, 0, 0.04%, 0, 0, 9, 421.75, 2145683, 3406
5312, 2, 362, 653, 471, 0, 0.04%, 0, 0, 9, 418.58, 2147793, 3406
5317, 2, 362, 653, 471, 0, 0.04%, 0, 0, 9, 418.38, 2149913, 3406
5322, 2, 184, 653, 471, 0, 0.04%, 0, 0, 9, 409.04, 2151975, 3406
5327, 2, 184, 653, 471, 0, 0.04%, 0, 0, 9, 417.06, 2154106, 3406
5333, 2, 544, 653, 471, 0, 0.04%, 0, 0, 9, 414.68, 2156222, 3406
5338, 2, 544, 653, 471, 0, 0.04%, 0, 0, 9, 417.44, 2158357, 3406
5343, 2, 362, 653, 471, 0, 0.04%, 0, 0, 9, 420.89, 2160481, 3406
5348, 2, 362, 653, 471, 0, 0.04%, 0, 0, 9, 420.91, 2162599, 3406
5353, 2, 87, 653, 471, 0, 0.04%, 0, 0, 9, 421.78, 2164711, 3406
5358, 2, 498, 653, 471, 0, 0.04%, 0, 0, 9, 421.23, 2166835, 3406
5363, 2, 362, 653, 471, 0, 0.04%, 0, 0, 9, 423.42, 2168957, 3406
5368, 2, 362, 653, 471, 0, 0.04%, 0, 0, 9, 420.28, 2171064, 3406
5373, 3, 362, 653, 471, 0, 0.04%, 0, 0, 9, 423.35, 2173182, 3406
5378, 3, 362, 653, 471, 0, 0.04%, 0, 0, 9, 422.20, 2175302, 3406
5383, 3, 362, 653, 471, 0, 0.04%, 0, 0, 9, 415.03, 2177390, 3406
5388, 3, 362, 653, 471, 0, 0.04%, 0, 0, 9, 418.79, 2179508, 3406
5393, 3, 362, 653, 471, 0, 0.04%, 0, 0, 9, 420.12, 2181639, 3406
5398, 3, 184, 653, 471, 0, 0.04%, 0, 0, 9, 419.45, 2183738, 3406
5403, 3, 362, 653, 471, 0, 0.04%, 0, 0, 9, 417.62, 2185864, 3406
5408, 3, 482, 653, 471, 0, 0.04%, 0, 0, 9, 417.65, 2187966, 3406
5413, 3, 327, 653, 471, 0, 0.04%, 0, 0, 9, 416.43, 2190078, 3406
5418, 3, 184, 655, 473, 0, 0.04%, 0, 0, 9, 416.04, 2192189, 3406
5423, 3, 362, 655, 473, 0, 0.04%, 0, 0, 9, 417.35, 2194277, 3406
5428, 3, 525, 655, 473, 0, 0.04%, 0, 0, 9, 417.41, 2196386, 3406
5433, 3, 435, 655, 472, 0, 0.04%, 0, 0, 9, 414.27, 2198473, 3406
5438, 3, 362, 655, 472, 0, 0.04%, 0, 0, 9, 413.33, 2200585, 3406
5443, 3, 362, 655, 472, 0, 0.04%, 0, 0, 9, 403.81, 2202596, 3406
5448, 3, 362, 655, 472, 0, 0.04%, 0, 0, 9, 411.94, 2204692, 3406
5454, 3, 362, 655, 472, 0, 0.04%, 0, 0, 9, 419.22, 2206815, 3406
5459, 3, 362, 655, 472, 0, 0.04%, 0, 0, 9, 420.06, 2208933, 3406
5464, 3, 482, 656, 473, 0, 0.04%, 0, 0, 9, 419.57, 2211047, 3406
5469, 3, 393, 656, 473, 0, 0.04%, 0, 0, 9, 420.37, 2213177, 3406
5474, 3, 362, 656, 473, 0, 0.04%, 0, 0, 9, 421.35, 2215293, 3406
5479, 3, 503, 656, 473, 0, 0.04%, 0, 0, 9, 417.17, 2217403, 3406
5484, 3, 362, 656, 473, 0, 0.04%, 0, 0, 9, 418.92, 2219576, 3406
5489, 3, 362, 656, 473, 0, 0.04%, 0, 0, 9, 419.38, 2221688, 3406
5494, 3, 362, 656, 473, 0, 0.04%, 0, 0, 9, 419.96, 2223806, 3406
5499, 3, 619, 656, 472, 0, 0.04%, 0, 0, 9, 411.46, 2225894, 3406
5504, 3, 362, 657, 472, 0, 0.04%, 0, 0, 9, 406.23, 2227941, 3406
5509, 3, 266, 657, 472, 0, 0.04%, 0, 0, 9, 416.61, 2230046, 3406
5514, 3, 266, 657, 472, 0, 0.04%, 0, 0, 9, 417.17, 2232181, 3406
5519, 3, 362, 657, 472, 0, 0.04%, 0, 0, 9, 421.30, 2234300, 3406
5524, 3, 362, 657, 472, 0, 0.04%, 0, 0, 9, 420.82, 2236415, 3406
5529, 3, 498, 657, 472, 0, 0.04%, 0, 0, 9, 421.13, 2238543, 3406
5535, 3, 482, 657, 472, 0, 0.04%, 0, 0, 9, 418.21, 2240664, 3406
5540, 3, 362, 657, 472, 0, 0.04%, 0, 0, 9, 421.72, 2242787, 3406
5545, 3, 482, 657, 472, 0, 0.04%, 0, 0, 9, 421.60, 2244908, 3406
5550, 3, 647, 657, 472, 0, 0.04%, 0, 0, 9, 420.09, 2247023, 3406
5555, 3, 498, 657, 472, 0, 0.04%, 0, 0, 9, 421.12, 2249151, 3406
5560, 3, 362, 657, 472, 0, 0.04%, 0, 0, 9, 422.64, 2251274, 3406
5565, 3, 362, 657, 472, 0, 0.04%, 0, 0, 9, 420.04, 2253365, 3406
5570, 3, 142, 657, 472, 0, 0.04%, 0, 0, 9, 419.63, 2255474, 3406
5575, 3, 647, 657, 472, 0, 0.04%, 0, 0, 9, 420.19, 2257591, 3406
5580, 3, 362, 657, 472, 0, 0.04%, 0, 0, 9, 421.72, 2259713, 3406
5585, 3, 362, 657, 472, 0, 0.04%, 0, 0, 9, 421.32, 2261830, 3406
5590, 3, 362, 657, 472, 0, 0.04%, 0, 0, 9, 420.69, 2263948, 3406
5595, 3, 498, 657, 472, 0, 0.04%, 0, 0, 9, 421.80, 2266068, 3406
5600, 3, 362, 657, 472, 0, 0.04%, 0, 0, 9, 422.06, 2268191, 3406
5605, 3, 334, 657, 472, 0, 0.04%, 0, 0, 9, 421.09, 2270308, 3406
5610, 3, 498, 657, 472, 0, 0.04%, 0, 0, 9, 419.89, 2272413, 3406
5615, 3, 296, 657, 472, 0, 0.04%, 0, 0, 9, 420.25, 2274536, 3406
5620, 3, 296, 657, 472, 0, 0.04%, 0, 0, 9, 419.21, 2276653, 3406
5625, 3, 482, 657, 472, 0, 0.04%, 0, 0, 9, 408.21, 2278675, 3406
5630, 3, 392, 657, 472, 0, 0.04%, 0, 0, 9, 417.78, 2280788, 3406
5635, 3, 334, 657, 472, 0, 0.04%, 0, 0, 9, 419.62, 2282909, 3406
5640, 3, 576, 657, 472, 0, 0.04%, 0, 0, 9, 418.37, 2285031, 3406
5645, 3, 362, 657, 472, 0, 0.04%, 0, 0, 9, 420.18, 2287148, 3406
5650, 3, 392, 657, 472, 0, 0.04%, 0, 0, 9, 420.10, 2289274, 3406
5655, 3, 362, 657, 472, 0, 0.04%, 0, 0, 9, 421.95, 2291389, 3406
5660, 3, 613, 657, 472, 0, 0.04%, 0, 0, 9, 417.82, 2293505, 3406
5665, 3, 613, 657, 472, 0, 0.04%, 0, 0, 9, 417.03, 2295609, 3406
5671, 3, 613, 657, 472, 0, 0.04%, 0, 0, 9, 417.48, 2297707, 3406
5676, 3, 362, 657, 472, 0, 0.04%, 0, 0, 9, 420.41, 2299813, 3406
5681, 3, 362, 657, 472, 0, 0.04%, 0, 0, 9, 417.96, 2301925, 3406
5686, 3, 362, 657, 472, 0, 0.04%, 0, 0, 9, 416.54, 2303987, 3406
5691, 3, 310, 657, 472, 0, 0.04%, 0, 0, 9, 420.23, 2306104, 3406
5696, 3, 498, 657, 472, 0, 0.04%, 0, 0, 9, 420.72, 2308244, 3406
5701, 3, 362, 657, 472, 0, 0.04%, 0, 0, 9, 420.30, 2310367, 3406
5706, 3, 562, 657, 472, 0, 0.04%, 0, 0, 9, 419.83, 2312481, 3406
5711, 3, 562, 657, 472, 0, 0.04%, 0, 0, 9, 420.23, 2314585, 3406
5716, 3, 562, 657, 472, 0, 0.04%, 0, 0, 9, 418.32, 2316683, 3406
5721, 3, 362, 657, 472, 0, 0.04%, 0, 0, 9, 420.37, 2318789, 3406
5726, 3, 362, 657, 472, 0, 0.04%, 0, 0, 9, 420.33, 2320909, 3406
5731, 3, 213, 657, 472, 0, 0.04%, 0, 0, 9, 422.07, 2323029, 3406
5736, 3, 213, 657, 472, 0, 0.04%, 0, 0, 9, 415.28, 2325106, 3406
5741, 3, 362, 657, 472, 0, 0.04%, 0, 0, 9, 418.31, 2327288, 3406
5746, 3, 373, 657, 472, 0, 0.04%, 0, 0, 9, 415.25, 2329369, 3406
5751, 3, 136, 657, 472, 0, 0.04%, 0, 0, 9, 415.00, 2331473, 3406
5756, 3, 362, 657, 471, 0, 0.04%, 0, 0, 9, 419.20, 2333589, 3406
5761, 3, 498, 657, 471, 0, 0.04%, 0, 0, 9, 420.07, 2335716, 3406
5766, 3, 362, 657, 471, 0, 0.04%, 0, 0, 9, 421.08, 2337851, 3406
5771, 3, 498, 657, 471, 0, 0.04%, 0, 0, 9, 418.03, 2339958, 3406
5777, 3, 362, 657, 471, 0, 0.04%, 0, 0, 9, 421.87, 2342084, 3406
5782, 3, 213, 657, 471, 0, 0.04%, 0, 0, 9, 420.18, 2344187, 3406
5787, 3, 60, 657, 471, 0, 0.04%, 0, 0, 9, 407.29, 2346304, 3406
5792, 3, 87, 658, 471, 0, 0.04%, 0, 0, 9, 415.07, 2348404, 3406
5797, 3, 87, 658, 471, 0, 0.04%, 0, 0, 9, 419.31, 2350518, 3406
5802, 3, 338, 658, 471, 0, 0.04%, 0, 0, 9, 408.78, 2352593, 3406
5807, 3, 338, 658, 471, 0, 0.04%, 0, 0, 9, 413.78, 2354686, 3406
5812, 3, 482, 658, 471, 0, 0.04%, 0, 0, 9, 417.51, 2356784, 3406
5817, 3, 362, 658, 471, 0, 0.04%, 0, 0, 9, 420.38, 2358915, 3406
5822, 3, 482, 658, 471, 0, 0.04%, 0, 0, 9, 422.54, 2361035, 3406
5827, 3, 482, 658, 471, 0, 0.04%, 0, 0, 9, 417.17, 2363140, 3406
5832, 3, 658, 660, 473, 1, 0.04%, 0, 0, 9, 409.40, 2365205, 3406
5837, 3, 658, 660, 473, 1, 0.04%, 0, 0, 9, 417.55, 2367309, 3406
5842, 3, 327, 660, 472, 0, 0.04%, 0, 0, 9, 413.63, 2369386, 3406
5847, 3, 362, 660, 472, 0, 0.04%, 0, 0, 9, 418.80, 2371490, 3406
5852, 3, 544, 660, 472, 0, 0.04%, 0, 0, 9, 417.14, 2373597, 3406
5857, 3, 498, 660, 472, 0, 0.04%, 0, 0, 9, 418.85, 2375708, 3406
5862, 3, 362, 660, 472, 0, 0.04%, 0, 0, 9, 403.29, 2377780, 3406
5867, 3, 362, 660, 472, 0, 0.04%, 0, 0, 9, 416.84, 2379895, 3406
5872, 3, 362, 660, 472, 0, 0.04%, 0, 0, 9, 420.34, 2382015, 3406
5877, 3, 362, 660, 472, 0, 0.04%, 0, 0, 9, 422.21, 2384133, 3406
5882, 3, 503, 660, 472, 0, 0.04%, 0, 0, 9, 417.40, 2386232, 3406
5887, 3, 482, 660, 472, 0, 0.04%, 0, 0, 9, 418.84, 2388347, 3406
5893, 3, 362, 660, 472, 0, 0.04%, 0, 0, 9, 420.53, 2390470, 3406
5898, 3, 393, 660, 472, 0, 0.04%, 0, 0, 9, 420.20, 2392583, 3406
5903, 3, 576, 660, 472, 0, 0.04%, 0, 0, 9, 419.56, 2394711, 3406
5908, 3, 362, 661, 473, 0, 0.04%, 0, 0, 9, 419.04, 2396834, 3406
5913, 3, 362, 661, 473, 0, 0.04%, 0, 0, 9, 422.83, 2398957, 3406
5918, 3, 155, 661, 473, 0, 0.04%, 0, 0, 9, 417.29, 2401080, 3406
5923, 3, 498, 661, 473, 0, 0.04%, 0, 0, 9, 409.91, 2403145, 3406
5928, 3, 184, 662, 474, 0, 0.04%, 0, 0, 9, 415.10, 2405270, 3406
5933, 3, 184, 662, 474, 0, 0.04%, 0, 0, 9, 418.22, 2407376, 3406
5938, 3, 362, 662, 474, 0, 0.04%, 0, 0, 9, 418.06, 2409484, 3406
5943, 3, 184, 662, 474, 0, 0.04%, 0, 0, 9, 420.94, 2411602, 3406
5948, 3, 184, 662, 474, 0, 0.04%, 0, 0, 9, 421.34, 2413725, 3406
5953, 3, 362, 662, 474, 0, 0.04%, 0, 0, 9, 418.64, 2415835, 3406
5958, 3, 362, 662, 474, 0, 0.04%, 0, 0, 9, 421.97, 2417955, 3406
5963, 3, 269, 662, 474, 0, 0.04%, 0, 0, 9, 421.24, 2420071, 3406
5968, 3, 498, 662, 474, 0, 0.04%, 0, 0, 9, 421.46, 2422209, 3406
5973, 3, 362, 662, 474, 0, 0.04%, 0, 0, 9, 417.85, 2424322, 3406
5978, 3, 362, 662, 474, 0, 0.04%, 0, 0, 9, 420.96, 2426434, 3406
5983, 3, 362, 662, 474, 0, 0.04%, 0, 0, 9, 413.79, 2428496, 3406
5988, 3, 362, 662, 474, 0, 0.04%, 0, 0, 9, 420.31, 2430616, 3406
5993, 3, 362, 662, 474, 0, 0.04%, 0, 0, 9, 420.09, 2432728, 3406
5998, 3, 498, 662, 474, 0, 0.04%, 0, 0, 9, 421.85, 2434846, 3406
6003, 3, 362, 662, 473, 0, 0.04%, 0, 0, 9, 421.63, 2436967, 3406
6008, 3, 362, 662, 473, 0, 0.04%, 0, 0, 9, 420.32, 2439085, 3406
6014, 3, 362, 662, 473, 0, 0.04%, 0, 0, 9, 419.49, 2441208, 3406
6019, 3, 362, 662, 473, 0, 0.04%, 0, 0, 9, 420.64, 2443339, 3406
6024, 3, 188, 662, 473, 0, 0.04%, 0, 0, 9, 415.53, 2445436, 3406
6029, 3, 647, 662, 472, 0, 0.04%, 0, 0, 9, 417.17, 2447552, 3406
6034, 3, 362, 662, 472, 0, 0.04%, 0, 0, 9, 419.14, 2449667, 3406
6039, 3, 498, 662, 472, 0, 0.04%, 0, 0, 9, 421.17, 2451792, 3406
6044, 3, 640, 662, 472, 0, 0.04%, 0, 0, 9, 414.19, 2453875, 3406
6049, 3, 435, 662, 472, 0, 0.04%, 0, 0, 9, 417.34, 2455989, 3406
6054, 3, 237, 662, 472, 0, 0.04%, 0, 0, 9, 416.58, 2458101, 3406
6059, 3, 544, 662, 471, 0, 0.04%, 0, 0, 9, 422.34, 2460219, 3406
6064, 3, 544, 663, 472, 0, 0.04%, 0, 0, 9, 414.39, 2462310, 3406
6069, 3, 392, 663, 472, 0, 0.04%, 0, 0, 9, 417.61, 2464438, 3406
6074, 3, 184, 663, 472, 0, 0.04%, 0, 0, 9, 419.51, 2466556, 3406
6079, 3, 184, 664, 473, 0, 0.04%, 0, 0, 9, 420.10, 2468678, 3406
6084, 3, 362, 664, 473, 0, 0.04%, 0, 0, 9, 419.95, 2470783, 3406
6089, 3, 362, 664, 473, 0, 0.04%, 0, 0, 9, 421.67, 2472908, 3406
6094, 3, 362, 664, 473, 0, 0.04%, 0, 0, 9, 421.58, 2475018, 3406
6099, 3, 362, 664, 473, 0, 0.04%, 0, 0, 9, 419.68, 2477126, 3406
6104, 3, 362, 664, 473, 0, 0.04%, 0, 0, 9, 412.08, 2479169, 3406
6109, 3, 498, 664, 473, 0, 0.04%, 0, 0, 9, 419.08, 2481300, 3406
6114, 3, 362, 664, 473, 0, 0.04%, 0, 0, 9, 421.65, 2483444, 3406
6119, 3, 362, 664, 473, 0, 0.04%, 0, 0, 9, 418.75, 2485546, 3406
6125, 3, 362, 664, 473, 0, 0.04%, 0, 0, 9, 421.36, 2487738, 3406
6130, 3, 362, 664, 473, 0, 0.04%, 0, 0, 9, 420.72, 2489869, 3406
6135, 3, 393, 664, 473, 0, 0.04%, 0, 0, 9, 420.69, 2491984, 3406
6140, 3, 362, 664, 473, 0, 0.04%, 0, 0, 9, 420.92, 2494110, 3406
6145, 3, 498, 664, 473, 0, 0.04%, 0, 0, 9, 421.40, 2496230, 3406
6150, 3, 362, 664, 473, 0, 0.04%, 0, 0, 9, 420.68, 2498359, 3406
6155, 3, 362, 664, 473, 0, 0.04%, 0, 0, 9, 419.62, 2500479, 3406
6160, 3, 482, 665, 474, 0, 0.04%, 0, 0, 9, 420.84, 2502598, 3406
6165, 3, 362, 665, 474, 0, 0.04%, 0, 0, 9, 413.39, 2504679, 3406
6170, 3, 362, 665, 474, 0, 0.04%, 0, 0, 9, 419.60, 2506799, 3406
6175, 3, 512, 665, 474, 0, 0.04%, 0, 0, 9, 418.04, 2508913, 3406
6180, 3, 512, 665, 474, 0, 0.04%, 0, 0, 9, 420.03, 2511103, 3406
6185, 3, 512, 665, 474, 0, 0.04%, 0, 0, 9, 420.23, 2513201, 3406
6190, 3, 362, 665, 473, 0, 0.04%, 0, 0, 9, 417.63, 2515298, 3406
6196, 3, 362, 665, 473, 0, 0.04%, 0, 0, 9, 419.25, 2517410, 3406
6201, 3, 362, 665, 473, 0, 0.04%, 0, 0, 9, 419.94, 2519522, 3406
6206, 3, 451, 665, 473, 0, 0.04%, 0, 0, 9, 420.49, 2521630, 3406
6211, 3, 451, 665, 473, 0, 0.04%, 0, 0, 9, 414.95, 2523738, 3406
6216, 3, 451, 665, 473, 0, 0.04%, 0, 0, 9, 418.12, 2525828, 3406
6221, 3, 362, 665, 473, 0, 0.04%, 0, 0, 9, 417.65, 2527928, 3406
6226, 3, 498, 665, 473, 0, 0.04%, 0, 0, 9, 417.79, 2530018, 3406
6231, 3, 184, 665, 473, 0, 0.04%, 0, 0, 9, 415.57, 2532128, 3406
6236, 3, 336, 665, 473, 0, 0.04%, 0, 0, 9, 419.08, 2534268, 3406
6241, 3, 362, 665, 473, 0, 0.04%, 0, 0, 9, 421.16, 2536463, 3406
6246, 3, 362, 665, 473, 0, 0.04%, 0, 0, 9, 420.10, 2538575, 3406
6251, 3, 87, 665, 473, 0, 0.04%, 0, 0, 9, 419.22, 2540684, 3406
6256, 3, 362, 665, 473, 0, 0.04%, 0, 0, 9, 419.95, 2542861, 3406
6261, 3, 106, 665, 473, 0, 0.04%, 0, 0, 9, 418.98, 2544974, 3406
6266, 3, 362, 665, 473, 0, 0.04%, 0, 0, 9, 417.31, 2547086, 3406
6271, 3, 362, 665, 473, 0, 0.04%, 0, 0, 9, 420.96, 2549204, 3406
6277, 3, 576, 665, 473, 0, 0.04%, 0, 0, 9, 421.32, 2551324, 3406
6282, 3, 362, 665, 473, 0, 0.04%, 0, 0, 9, 409.47, 2553413, 3406
6287, 3, 498, 665, 473, 0, 0.04%, 0, 0, 9, 417.08, 2555528, 3406
6292, 3, 362, 665, 473, 0, 0.04%, 0, 0, 9, 419.25, 2557659, 3406
6297, 3, 110, 665, 473, 0, 0.04%, 0, 0, 9, 419.37, 2559846, 3406
6302, 3, 392, 665, 473, 0, 0.04%, 0, 0, 9, 417.04, 2561943, 3406
6307, 3, 362, 665, 473, 0, 0.04%, 0, 0, 9, 416.07, 2564049, 3406
6312, 3, 362, 665, 473, 0, 0.04%, 0, 0, 9, 418.89, 2566167, 3406
6317, 3, 362, 665, 473, 0, 0.04%, 0, 0, 9, 422.56, 2568287, 3406
6322, 3, 431, 665, 473, 0, 0.04%, 0, 0, 9, 418.24, 2570401, 3406
6327, 3, 362, 665, 472, 0, 0.04%, 0, 0, 9, 419.77, 2572515, 3406
6332, 3, 362, 665, 472, 0, 0.04%, 0, 0, 9, 420.46, 2574625, 3406
6337, 3, 482, 665, 472, 0, 0.04%, 0, 0, 9, 418.77, 2576745, 3406
6342, 3, 482, 665, 472, 0, 0.04%, 0, 0, 9, 408.53, 2578825, 3406
6347, 3, 362, 665, 472, 0, 0.04%, 0, 0, 9, 416.75, 2580941, 3406
6352, 3, 216, 665, 472, 0, 0.04%, 0, 0, 9, 421.67, 2583058, 3406
6357, 3, 498, 665, 472, 0, 0.04%, 0, 0, 9, 421.64, 2585178, 3406
6362, 3, 362, 665, 472, 0, 0.04%, 0, 0, 9, 421.72, 2587291, 3406
6367, 3, 546, 665, 472, 0, 0.04%, 0, 0, 9, 400.10, 2589303, 3406
6372, 3, 334, 665, 471, 0, 0.04%, 0, 0, 9, 417.68, 2591419, 3406
6378, 3, 482, 665, 471, 0, 0.04%, 0, 0, 9, 418.12, 2593526, 3406
6383, 3, 498, 665, 471, 0, 0.04%, 0, 0, 9, 419.46, 2595649, 3406
6388, 3, 362, 665, 471, 0, 0.04%, 0, 0, 9, 422.10, 2597780, 3406
6393, 3, 362, 665, 471, 0, 0.04%, 0, 0, 9, 421.13, 2599893, 3406
6398, 3, 362, 665, 471, 0, 0.04%, 0, 0, 9, 420.08, 2602011, 3406
6403, 3, 482, 666, 472, 0, 0.04%, 0, 0, 9, 411.30, 2604098, 3406
6408, 3, 613, 666, 472, 0, 0.04%, 0, 0, 9, 418.38, 2606221, 3406
6413, 3, 613, 666, 472, 0, 0.04%, 0, 0, 9, 413.98, 2608333, 3406
6418, 3, 613, 666, 472, 0, 0.04%, 0, 0, 9, 418.68, 2610433, 3406
6423, 3, 613, 666, 472, 0, 0.04%, 0, 0, 9, 415.65, 2612531, 3406
6428, 3, 362, 666, 472, 0, 0.04%, 0, 0, 9, 419.24, 2614725, 3406
6433, 3, 433, 666, 472, 0, 0.04%, 0, 0, 9, 417.45, 2616831, 3406
6438, 3, 362, 666, 471, 0, 0.04%, 0, 0, 9, 417.21, 2618911, 3406
6443, 3, 433, 666, 471, 0, 0.04%, 0, 0, 9, 418.44, 2621025, 3406
6448, 3, 224, 666, 471, 0, 0.04%, 0, 0, 9, 418.21, 2623140, 3406
6453, 3, 362, 666, 471, 0, 0.04%, 0, 0, 9, 420.44, 2625254, 3406
6458, 3, 647, 666, 471, 0, 0.04%, 0, 0, 9, 417.23, 2627361, 3406
6463, 3, 362, 666, 471, 0, 0.04%, 0, 0, 9, 415.55, 2629447, 3406
6468, 3, 362, 666, 471, 0, 0.04%, 0, 0, 9, 417.78, 2631565, 3406
6474, 3, 325, 666, 471, 0, 0.04%, 0, 0, 9, 418.92, 2633690, 3406
6479, 3, 362, 666, 471, 0, 0.04%, 0, 0, 9, 421.46, 2635811, 3406
6484, 3, 392, 666, 471, 0, 0.04%, 0, 0, 9, 419.94, 2637935, 3406
6489, 3, 145, 666, 471, 0, 0.04%, 0, 0, 9, 419.27, 2640051, 3406
6494, 3, 260, 666, 471, 0, 0.04%, 0, 0, 9, 418.39, 2642148, 3406
6499, 3, 199, 666, 470, 0, 0.04%, 0, 0, 9, 414.11, 2644229, 3406
6504, 3, 362, 666, 470, 0, 0.04%, 0, 0, 9, 415.94, 2646339, 3406
6509, 3, 392, 666, 470, 0, 0.04%, 0, 0, 9, 420.08, 2648457, 3406
6514, 3, 362, 666, 470, 0, 0.04%, 0, 0, 9, 419.35, 2650580, 3406
6519, 3, 362, 666, 470, 0, 0.04%, 0, 0, 9, 421.58, 2652700, 3406
6524, 3, 362, 666, 470, 0, 0.04%, 0, 0, 9, 411.86, 2654746, 3406
6529, 3, 362, 666, 470, 0, 0.04%, 0, 0, 9, 418.40, 2656927, 3406
6534, 3, 18, 667, 471, 0, 0.04%, 0, 0, 9, 409.20, 2658985, 3406
6539, 3, 362, 667, 470, 0, 0.04%, 0, 0, 9, 417.69, 2661101, 3406
6544, 3, 362, 667, 470, 0, 0.04%, 0, 0, 9, 421.43, 2663224, 3406
6549, 3, 392, 667, 470, 0, 0.04%, 0, 0, 9, 417.39, 2665328, 3406
6554, 3, 362, 667, 470, 0, 0.04%, 0, 0, 9, 422.22, 2667441, 3406
6559, 3, 362, 667, 470, 0, 0.04%, 0, 0, 9, 420.40, 2669548, 3406
6564, 3, 148, 667, 470, 0, 0.04%, 0, 0, 9, 421.52, 2671669, 3406
6569, 3, 304, 667, 470, 0, 0.04%, 0, 0, 9, 420.87, 2673791, 3406
6575, 3, 304, 667, 470, 0, 0.04%, 0, 0, 9, 419.01, 2675916, 3406
6580, 3, 148, 667, 470, 0, 0.04%, 0, 0, 9, 416.93, 2678013, 3406
6585, 3, 498, 667, 470, 0, 0.04%, 0, 0, 9, 412.46, 2680070, 3406
6590, 3, 362, 667, 470, 0, 0.04%, 0, 0, 9, 419.11, 2682185, 3406
6595, 3, 362, 667, 470, 0, 0.04%, 0, 0, 9, 420.81, 2684303, 3406
6600, 3, 435, 667, 470, 0, 0.04%, 0, 0, 9, 421.13, 2686418, 3406
6605, 3, 576, 667, 470, 0, 0.04%, 0, 0, 9, 420.29, 2688541, 3406
6610, 3, 362, 667, 470, 0, 0.04%, 0, 0, 9, 422.66, 2690672, 3406
6615, 3, 373, 667, 470, 0, 0.04%, 0, 0, 9, 417.31, 2692787, 3406
6620, 3, 269, 667, 470, 0, 0.04%, 0, 0, 9, 421.34, 2694981, 3406
6625, 3, 362, 667, 470, 0, 0.04%, 0, 0, 9, 421.38, 2697097, 3406
6630, 3, 362, 667, 470, 0, 0.04%, 0, 0, 9, 417.96, 2699220, 3406
6635, 3, 337, 667, 470, 0, 0.04%, 0, 0, 9, 420.05, 2701340, 3406
6640, 3, 362, 667, 470, 0, 0.04%, 0, 0, 9, 424.64, 2703549, 3406
6645, 3, 362, 667, 470, 0, 0.04%, 0, 0, 9, 418.37, 2705619, 3406
6650, 3, 512, 667, 470, 0, 0.04%, 0, 0, 9, 418.62, 2707735, 3406
6656, 3, 512, 667, 470, 0, 0.04%, 0, 0, 9, 419.42, 2709839, 3406
6661, 3, 512, 668, 471, 0, 0.04%, 0, 0, 9, 417.34, 2711928, 3406
6666, 3, 334, 668, 471, 0, 0.04%, 0, 0, 9, 420.46, 2714032, 3406
6671, 3, 362, 668, 471, 0, 0.04%, 0, 0, 9, 420.00, 2716139, 3406
6676, 3, 649, 669, 472, 0, 0.04%, 0, 0, 9, 419.83, 2718249, 3406
6681, 3, 649, 669, 472, 0, 0.04%, 0, 0, 9, 420.86, 2720362, 3406
6686, 3, 649, 669, 472, 0, 0.04%, 0, 0, 9, 419.93, 2722474, 3406
6691, 3, 649, 669, 472, 0, 0.04%, 0, 0, 9, 420.53, 2724576, 3406
6696, 3, 649, 669, 472, 0, 0.04%, 0, 0, 9, 420.05, 2726674, 3406
6701, 3, 362, 669, 472, 0, 0.04%, 0, 0, 9, 422.55, 2728784, 3406
6706, 3, 362, 669, 472, 0, 0.04%, 0, 0, 9, 415.51, 2730864, 3406
6711, 3, 362, 669, 472, 0, 0.04%, 0, 0, 9, 421.20, 2732982, 3406
6716, 3, 362, 669, 472, 0, 0.04%, 0, 0, 9, 422.15, 2735102, 3406
6721, 3, 362, 669, 472, 0, 0.04%, 0, 0, 9, 420.52, 2737225, 3406
6726, 3, 362, 669, 472, 0, 0.04%, 0, 0, 9, 419.61, 2739324, 3406
6731, 3, 472, 669, 472, 0, 0.04%, 0, 0, 9, 421.12, 2741443, 3406
6736, 3, 435, 669, 472, 0, 0.04%, 0, 0, 9, 420.65, 2743555, 3406
6741, 3, 362, 669, 472, 0, 0.04%, 0, 0, 9, 420.47, 2745678, 3406
6746, 3, 145, 669, 472, 0, 0.04%, 0, 0, 9, 421.38, 2747784, 3406
6751, 3, 362, 669, 472, 0, 0.04%, 0, 0, 9, 420.76, 2749908, 3406
6756, 3, 390, 669, 472, 0, 0.04%, 0, 0, 9, 421.63, 2752022, 3406
6761, 3, 390, 669, 472, 0, 0.04%, 0, 0, 9, 405.42, 2754084, 3406
6766, 3, 390, 669, 472, 0, 0.04%, 0, 0, 9, 416.15, 2756174, 3406
6771, 3, 362, 669, 472, 0, 0.04%, 0, 0, 9, 419.07, 2758284, 3406
6776, 3, 435, 669, 472, 0, 0.04%, 0, 0, 9, 422.04, 2760415, 3406
6781, 3, 362, 669, 472, 0, 0.04%, 0, 0, 9, 421.16, 2762538, 3406
6786, 3, 576, 669, 472, 0, 0.04%, 0, 0, 9, 422.15, 2764741, 3406
6791, 3, 647, 669, 472, 0, 0.04%, 0, 0, 9, 420.97, 2766865, 3406
6796, 3, 362, 669, 472, 0, 0.04%, 0, 0, 9, 421.25, 2768988, 3406
6802, 3, 544, 669, 472, 0, 0.04%, 0, 0, 9, 421.77, 2771108, 3406
6807, 3, 544, 669, 472, 0, 0.04%, 0, 0, 9, 399.48, 2773101, 3406
6812, 3, 21, 669, 472, 0, 0.04%, 0, 0, 9, 406.69, 2775190, 3406
6817, 3, 362, 669, 471, 0, 0.04%, 0, 0, 9, 415.04, 2777295, 3406
6822, 3, 362, 669, 471, 0, 0.04%, 0, 0, 9, 411.06, 2779394, 3406
6827, 3, 442, 669, 471, 0, 0.04%, 0, 0, 9, 417.26, 2781506, 3406
6832, 3, 442, 669, 471, 0, 0.04%, 0, 0, 9, 418.38, 2783610, 3406
6837, 3, 442, 669, 471, 0, 0.04%, 0, 0, 9, 417.50, 2785710, 3406
6842, 3, 442, 669, 471, 0, 0.04%, 0, 0, 9, 411.92, 2787792, 3406
6847, 3, 184, 670, 472, 0, 0.04%, 0, 0, 9, 415.48, 2789891, 3406
6852, 3, 184, 673, 475, 0, 0.04%, 0, 0, 9, 411.99, 2791970, 3406
6857, 3, 40, 673, 475, 0, 0.04%, 0, 0, 9, 418.43, 2794087, 3406
6862, 3, 362, 673, 475, 0, 0.04%, 0, 0, 9, 419.67, 2796193, 3406
6867, 3, 106, 673, 475, 0, 0.04%, 0, 0, 9, 421.34, 2798314, 3406
6872, 3, 393, 673, 475, 0, 0.04%, 0, 0, 9, 418.17, 2800432, 3406
6877, 3, 362, 673, 475, 0, 0.04%, 0, 0, 9, 421.29, 2802563, 3406
6882, 3, 576, 673, 475, 0, 0.04%, 0, 0, 9, 407.96, 2804643, 3406
6887, 3, 362, 673, 475, 0, 0.04%, 0, 0, 9, 416.65, 2806740, 3406
6892, 3, 68, 673, 475, 0, 0.04%, 0, 0, 9, 418.98, 2808860, 3406
6897, 3, 362, 673, 475, 0, 0.04%, 0, 0, 9, 419.37, 2810983, 3406
6902, 4, 362, 673, 475, 0, 0.04%, 0, 0, 9, 421.12, 2813093, 3406
6907, 4, 647, 673, 475, 0, 0.04%, 0, 0, 9, 416.62, 2815189, 3406
6913, 4, 362, 673, 475, 0, 0.04%, 0, 0, 9, 418.28, 2817304, 3406
6918, 4, 576, 673, 475, 0, 0.04%, 0, 0, 9, 420.12, 2819422, 3406
6923, 4, 380, 673, 475, 0, 0.04%, 0, 0, 9, 420.21, 2821550, 3406
6928, 4, 551, 673, 475, 0, 0.04%, 0, 0, 9, 418.97, 2823677, 3406
6933, 4, 362, 673, 475, 0, 0.04%, 0, 0, 9, 420.90, 2825799, 3406
6938, 4, 148, 673, 475, 0, 0.04%, 0, 0, 9, 419.20, 2827904, 3406
6943, 4, 362, 673, 475, 0, 0.04%, 0, 0, 9, 406.68, 2829965, 3406
6948, 4, 505, 673, 475, 0, 0.04%, 0, 0, 9, 417.23, 2832073, 3406
6953, 4, 505, 673, 475, 0, 0.04%, 0, 0, 9, 418.47, 2834179, 3406
6958, 4, 505, 673, 475, 0, 0.04%, 0, 0, 9, 420.97, 2836365, 3406
6963, 4, 184, 673, 475, 0, 0.04%, 0, 0, 9, 417.88, 2838469, 3406
6968, 4, 184, 673, 475, 0, 0.04%, 0, 0, 9, 418.42, 2840588, 3406
6973, 4, 498, 673, 475, 0, 0.04%, 0, 0, 9, 419.36, 2842715, 3406
6978, 4, 544, 674, 476, 0, 0.04%, 0, 0, 9, 418.75, 2844820, 3406
6983, 4, 544, 674, 476, 0, 0.04%, 0, 0, 9, 416.86, 2846930, 3406
6988, 4, 362, 674, 476, 0, 0.04%, 0, 0, 9, 418.58, 2849050, 3406
6994, 4, 362, 674, 476, 0, 0.04%, 0, 0, 9, 422.93, 2851256, 3406
6999, 4, 362, 674, 476, 0, 0.04%, 0, 0, 9, 421.74, 2853376, 3406
7004, 4, 362, 674, 476, 0, 0.04%, 0, 0, 9, 414.98, 2855451, 3406
7009, 4, 362, 674, 476, 0, 0.04%, 0, 0, 9, 421.65, 2857571, 3406
7014, 4, 362, 674, 476, 0, 0.04%, 0, 0, 9, 424.29, 2859694, 3406
7019, 4, 362, 674, 476, 0, 0.04%, 0, 0, 9, 420.83, 2861806, 3406
7024, 4, 544, 674, 476, 0, 0.04%, 0, 0, 9, 421.06, 2863922, 3406
7029, 4, 544, 674, 476, 0, 0.04%, 0, 0, 9, 421.60, 2866059, 3406
7034, 4, 362, 674, 476, 0, 0.04%, 0, 0, 9, 421.55, 2868261, 3406
7039, 4, 498, 674, 476, 0, 0.04%, 0, 0, 9, 421.00, 2870381, 3406
7044, 4, 362, 674, 476, 0, 0.04%, 0, 0, 9, 422.85, 2872510, 3406
7049, 4, 362, 674, 476, 0, 0.04%, 0, 0, 9, 424.13, 2874718, 3406
7054, 4, 339, 674, 476, 0, 0.04%, 0, 0, 9, 419.26, 2876821, 3406
7059, 4, 362, 674, 475, 0, 0.04%, 0, 0, 9, 422.75, 2879019, 3406
7065, 4, 362, 674, 475, 0, 0.04%, 0, 0, 9, 413.87, 2881086, 3406
7070, 4, 576, 674, 475, 0, 0.04%, 0, 0, 9, 419.48, 2883200, 3406
7075, 4, 576, 675, 476, 0, 0.04%, 0, 0, 9, 417.65, 2885320, 3406
7080, 4, 498, 675, 476, 0, 0.04%, 0, 0, 9, 420.34, 2887433, 3406
7085, 4, 362, 675, 476, 0, 0.04%, 0, 0, 9, 421.60, 2889548, 3406
7090, 4, 362, 675, 476, 0, 0.04%, 0, 0, 9, 418.99, 2891655, 3406
7095, 4, 498, 675, 476, 0, 0.04%, 0, 0, 9, 418.76, 2893767, 3406
7100, 4, 110, 675, 476, 0, 0.04%, 0, 0, 9, 420.63, 2895890, 3406
7105, 4, 110, 675, 476, 0, 0.04%, 0, 0, 9, 420.72, 2898069, 3406
7110, 4, 362, 675, 476, 0, 0.04%, 0, 0, 9, 417.54, 2900168, 3406
7115, 4, 435, 675, 476, 0, 0.04%, 0, 0, 9, 420.52, 2902296, 3406
7120, 4, 362, 675, 476, 0, 0.04%, 0, 0, 9, 421.06, 2904412, 3406
7125, 4, 145, 675, 476, 0, 0.04%, 0, 0, 9, 416.25, 2906513, 3406
7130, 4, 362, 675, 476, 0, 0.04%, 0, 0, 9, 419.55, 2908623, 3406
7135, 4, 362, 675, 476, 0, 0.04%, 0, 0, 9, 423.01, 2910741, 3406
7140, 4, 362, 675, 476, 0, 0.04%, 0, 0, 9, 424.08, 2912861, 3406
7145, 4, 148, 675, 476, 0, 0.04%, 0, 0, 9, 421.83, 2914981, 3406
7150, 4, 362, 675, 476, 0, 0.04%, 0, 0, 9, 421.82, 2917096, 3406
7155, 4, 362, 675, 476, 0, 0.04%, 0, 0, 9, 423.30, 2919214, 3406
7160, 4, 435, 675, 476, 0, 0.04%, 0, 0, 9, 423.46, 2921338, 3406
7165, 4, 553, 675, 476, 0, 0.04%, 0, 0, 9, 420.36, 2923467, 3406
7170, 4, 414, 675, 476, 0, 0.04%, 0, 0, 9, 421.46, 2925591, 3406
7176, 4, 414, 675, 476, 0, 0.04%, 0, 0, 9, 423.42, 2927731, 3406
7181, 4, 348, 675, 476, 0, 0.04%, 0, 0, 9, 419.04, 2929840, 3406
7186, 4, 576, 675, 476, 0, 0.04%, 0, 0, 9, 412.52, 2931892, 3406
7191, 4, 562, 675, 476, 0, 0.04%, 0, 0, 9, 418.98, 2934015, 3406
7196, 4, 562, 675, 476, 0, 0.04%, 0, 0, 9, 421.12, 2936127, 3406
7201, 4, 562, 675, 476, 0, 0.04%, 0, 0, 9, 417.05, 2938227, 3406
7206, 4, 562, 675, 476, 0, 0.04%, 0, 0, 9, 414.97, 2940325, 3406
7211, 4, 110, 675, 476, 0, 0.04%, 0, 0, 9, 418.59, 2942422, 3406
7216, 4, 354, 675, 476, 0, 0.04%, 0, 0, 9, 421.97, 2944610, 3406
7221, 4, 354, 678, 479, 0, 0.04%, 0, 0, 9, 417.38, 2946711, 3406
7226, 4, 354, 678, 479, 0, 0.04%, 0, 0, 9, 419.80, 2948823, 3406
7231, 4, 354, 678, 479, 0, 0.04%, 0, 0, 9, 421.24, 2950935, 3406
7236, 4, 354, 678, 479, 0, 0.04%, 0, 0, 9, 416.96, 2953047, 3406
7241, 4, 354, 678, 479, 0, 0.04%, 0, 0, 9, 416.31, 2955161, 3406
7246, 4, 544, 679, 480, 0, 0.04%, 0, 0, 9, 413.80, 2957238, 3406
7251, 4, 544, 679, 480, 0, 0.04%, 0, 0, 9, 418.54, 2959344, 3406
7256, 4, 269, 679, 480, 0, 0.04%, 0, 0, 9, 414.60, 2961442, 3406
7262, 4, 435, 679, 480, 0, 0.04%, 0, 0, 9, 421.21, 2963642, 3406
7267, 4, 362, 679, 480, 0, 0.04%, 0, 0, 9, 422.18, 2965771, 3406
7272, 4, 362, 679, 480, 0, 0.04%, 0, 0, 9, 421.55, 2967889, 3406
7277, 4, 362, 679, 480, 0, 0.04%, 0, 0, 9, 418.27, 2969985, 3406
7282, 4, 362, 679, 480, 0, 0.04%, 0, 0, 9, 421.97, 2972103, 3406
7287, 4, 502, 679, 480, 0, 0.04%, 0, 0, 9, 420.02, 2974278, 3406
7292, 4, 362, 679, 480, 0, 0.04%, 0, 0, 9, 418.73, 2976460, 3406
7297, 4, 362, 679, 480, 0, 0.04%, 0, 0, 9, 422.03, 2978578, 3406
7302, 4, 552, 679, 480, 0, 0.04%, 0, 0, 9, 412.86, 2980685, 3406
7307, 4, 552, 679, 480, 0, 0.04%, 0, 0, 9, 419.22, 2982797, 3406
7312, 4, 552, 679, 480, 0, 0.04%, 0, 0, 9, 418.09, 2984895, 3406
7317, 4, 552, 679, 480, 0, 0.04%, 0, 0, 9, 420.48, 2987081, 3406
7323, 4, 403, 679, 480, 0, 0.04%, 0, 0, 9, 422.37, 2989285, 3406
7328, 4, 403, 679, 480, 0, 0.04%, 0, 0, 9, 418.60, 2991397, 3406
7333, 4, 403, 679, 480, 0, 0.04%, 0, 0, 9, 417.54, 2993487, 3406
7338, 4, 403, 679, 480, 0, 0.04%, 0, 0, 9, 416.79, 2995585, 3406
7343, 4, 362, 679, 480, 0, 0.04%, 0, 0, 9, 422.19, 2997712, 3406
7348, 4, 362, 679, 480, 0, 0.04%, 0, 0, 9, 418.03, 2999811, 3406
7353, 4, 544, 679, 480, 0, 0.04%, 0, 0, 9, 417.98, 3001920, 3406
7358, 4, 498, 679, 480, 0, 0.04%, 0, 0, 9, 417.40, 3004052, 3406
7363, 4, 362, 679, 480, 0, 0.04%, 0, 0, 9, 404.50, 3006117, 3406
7368, 4, 362, 679, 480, 0, 0.04%, 0, 0, 9, 415.00, 3008226, 3406
7373, 4, 544, 679, 480, 0, 0.04%, 0, 0, 9, 418.67, 3010342, 3406
7378, 4, 544, 679, 480, 0, 0.04%, 0, 0, 9, 418.29, 3012479, 3406
7383, 4, 145, 679, 480, 0, 0.04%, 0, 0, 9, 419.37, 3014601, 3406
7388, 4, 461, 681, 482, 0, 0.04%, 0, 0, 9, 407.32, 3016635, 3406
7393, 4, 362, 681, 481, 0, 0.04%, 0, 0, 9, 418.47, 3018745, 3406
7398, 4, 616, 681, 481, 0, 0.04%, 0, 0, 9, 417.66, 3020852, 3406
7403, 4, 362, 681, 480, 0, 0.04%, 0, 0, 9, 416.11, 3022946, 3406
7408, 4, 362, 681, 480, 0, 0.04%, 0, 0, 9, 419.82, 3025061, 3406
7413, 4, 576, 681, 480, 0, 0.04%, 0, 0, 9, 419.68, 3027176, 3406
7418, 4, 362, 681, 480, 0, 0.04%, 0, 0, 9, 418.00, 3029299, 3406
7424, 4, 362, 681, 480, 0, 0.04%, 0, 0, 9, 413.02, 3031371, 3406
7429, 4, 362, 681, 480, 0, 0.04%, 0, 0, 9, 417.85, 3033489, 3406
7434, 4, 576, 682, 481, 0, 0.04%, 0, 0, 9, 418.12, 3035609, 3406
7439, 4, 362, 682, 481, 0, 0.04%, 0, 0, 9, 418.21, 3037727, 3406
7444, 4, 544, 682, 481, 0, 0.04%, 0, 0, 9, 419.11, 3039831, 3406
7449, 4, 544, 682, 481, 0, 0.04%, 0, 0, 9, 416.29, 3041932, 3406
7454, 4, 337, 682, 481, 0, 0.04%, 0, 0, 9, 420.38, 3044049, 3406
7459, 4, 640, 682, 481, 0, 0.04%, 0, 0, 9, 416.93, 3046167, 3406
7464, 4, 325, 682, 481, 0, 0.04%, 0, 0, 9, 418.56, 3048299, 3406
7469, 4, 310, 682, 481, 0, 0.04%, 0, 0, 9, 418.73, 3050411, 3406
7474, 4, 362, 682, 481, 0, 0.04%, 0, 0, 9, 418.23, 3052543, 3406
7479, 4, 362, 682, 481, 0, 0.04%, 0, 0, 9, 421.22, 3054653, 3406
7484, 4, 362, 682, 481, 0, 0.04%, 0, 0, 9, 413.80, 3056712, 3406
7489, 4, 362, 682, 481, 0, 0.04%, 0, 0, 9, 419.95, 3058824, 3406
7494, 4, 498, 682, 481, 0, 0.04%, 0, 0, 9, 416.05, 3060923, 3406
7499, 4, 362, 682, 481, 0, 0.04%, 0, 0, 9, 419.61, 3063054, 3406
7504, 4, 393, 682, 481, 0, 0.04%, 0, 0, 9, 420.20, 3065183, 3406
7509, 4, 362, 682, 481, 0, 0.04%, 0, 0, 9, 421.05, 3067303, 3406
7514, 4, 362, 682, 481, 0, 0.04%, 0, 0, 9, 420.72, 3069415, 3406
7519, 4, 498, 682, 481, 0, 0.04%, 0, 0, 9, 421.50, 3071543, 3406
7524, 4, 260, 682, 481, 0, 0.04%, 0, 0, 9, 418.86, 3073654, 3406
7530, 4, 362, 682, 481, 0, 0.04%, 0, 0, 9, 419.85, 3075830, 3406
7535, 4, 679, 682, 481, 0, 0.04%, 0, 0, 9, 414.34, 3077919, 3406
7540, 4, 679, 686, 485, 0, 0.04%, 0, 0, 9, 395.46, 3079859, 3406
7545, 4, 679, 686, 485, 0, 0.04%, 0, 0, 9, 399.86, 3081924, 3406
7550, 4, 679, 686, 485, 0, 0.04%, 0, 0, 9, 403.35, 3083980, 3406
7555, 4, 679, 686, 485, 0, 0.04%, 0, 0, 9, 406.39, 3086076, 3406
7560, 4, 679, 687, 486, 0, 0.04%, 0, 0, 9, 405.44, 3088139, 3406
7565, 4, 679, 687, 486, 0, 0.04%, 0, 0, 9, 404.86, 3090203, 3406
7570, 4, 679, 687, 486, 0, 0.04%, 0, 0, 9, 404.99, 3092275, 3406
7576, 4, 679, 688, 487, 0, 0.04%, 0, 0, 9, 404.50, 3094346, 3406
7581, 4, 679, 688, 487, 0, 0.04%, 0, 0, 9, 406.88, 3096442, 3406
7586, 4, 679, 688, 487, 0, 0.04%, 0, 0, 9, 404.33, 3098490, 3406
7591, 4, 679, 689, 488, 0, 0.04%, 0, 0, 9, 388.55, 3100439, 3406
7596, 4, 679, 689, 488, 0, 0.04%, 0, 0, 9, 376.96, 3102329, 3406
7601, 4, 679, 689, 488, 0, 0.04%, 0, 0, 9, 379.98, 3104261, 3406
7606, 4, 679, 689, 488, 0, 0.04%, 0, 0, 9, 358.31, 3106025, 3406
7611, 4, 679, 689, 488, 0, 0.04%, 0, 0, 9, 370.96, 3107957, 3406
7612, 4, 679, 689, 488, 0, 0.04%, 0, 0, 9, 363.75, 3108196, 3406
